53 80
53 80
53 80
54 80
54 80
54 80
53 81
53 81
53 81
54 81
54 81
54 81
55 81
55 81
55 81
53 82
53 82
53 82
54 82
54 82
54 82
55 82
55 82
55 82
54 83
54 83
54 83
55 83
55 83
55 83
54 84
54 84
54 84
55 84
55 84
55 84
52 85
52 85
52 85
53 85
53 85
53 85
54 85
54 85
54 85
55 85
55 85
55 85
51 86
51 86
51 86
52 86
52 86
52 86
53 86
53 86
53 86
54 86
54 86
54 86
55 86
55 86
55 86
51 87
51 87
51 87
52 87
52 87
52 87
53 87
53 87
53 87
54 87
54 87
54 87
55 87
55 87
55 87
52 88
52 88
52 88
53 88
53 88
53 88
54 88
54 88
54 88
55 88
55 88
55 88
52 89
52 89
52 89
53 89
53 89
53 89
54 89
54 89
54 89
55 89
55 89
55 89
53 90
53 90
53 90
54 90
54 90
54 90
55 90
55 90
55 90
56 90
56 90
56 90
54 91
54 91
54 91
55 91
55 91
55 91
56 91
56 91
56 91
57 91
57 91
57 91
55 92
55 92
55 92
56 92
56 92
56 92
57 92
57 92
57 92
58 92
58 92
58 92
55 93
55 93
55 93
56 93
56 93
56 93
57 93
57 93
57 93
58 93
58 93
58 93
55 94
55 94
55 94
56 94
56 94
56 94
57 94
57 94
57 94
58 94
58 94
58 94
55 95
55 95
55 95
56 95
56 95
56 95
57 95
57 95
57 95
58 95
58 95
58 95
55 96
55 96
55 96
56 96
56 96
56 96
57 96
57 96
57 96
58 96
58 96
58 96
55 97
55 97
55 97
56 97
56 97
56 97
57 97
57 97
57 97
54 98
54 98
54 98
55 98
55 98
55 98
56 98
56 98
56 98
57 98
57 98
57 98
54 99
54 99
54 99
55 99
55 99
55 99
56 99
56 99
56 99
57 99
57 99
57 99
54 100
54 100
54 100
55 100
55 100
55 100
56 100
56 100
56 100
57 100
57 100
57 100
54 101
54 101
54 101
55 101
55 101
55 101
56 101
56 101
56 101
57 101
57 101
57 101
55 102
55 102
55 102
56 102
56 102
56 102
57 102
57 102
57 102
58 102
58 102
58 102
56 103
56 103
56 103
57 103
57 103
57 103
58 103
58 103
58 103
59 103
59 103
59 103
56 104
56 104
56 104
57 104
57 104
57 104
58 104
58 104
58 104
59 104
59 104
59 104
60 104
60 104
60 104
56 105
56 105
56 105
57 105
57 105
57 105
58 105
58 105
58 105
59 105
59 105
59 105
60 105
60 105
60 105
57 106
57 106
57 106
58 106
58 106
58 106
59 106
59 106
59 106
60 106
60 106
60 106
57 107
57 107
57 107
58 107
58 107
58 107
59 107
59 107
59 107
60 107
60 107
60 107
57 108
57 108
57 108
58 108
58 108
58 108
59 108
59 108
59 108
60 108
60 108
60 108
57 109
57 109
57 109
58 109
58 109
58 109
59 109
59 109
59 109
60 109
60 109
60 109
57 110
57 110
57 110
58 110
58 110
58 110
59 110
59 110
59 110
60 110
60 110
60 110
57 111
57 111
57 111
58 111
58 111
58 111
59 111
59 111
59 111
60 111
60 111
60 111
57 112
57 112
57 112
58 112
58 112
58 112
59 112
59 112
59 112
57 113
57 113
57 113
58 113
58 113
58 113
59 113
59 113
59 113
56 114
56 114
56 114
57 114
57 114
57 114
58 114
58 114
58 114
59 114
59 114
59 114
56 115
56 115
56 115
57 115
57 115
57 115
58 115
58 115
58 115
59 115
59 115
59 115
57 116
57 116
57 116
58 116
58 116
58 116
59 116
59 116
59 116
60 116
60 116
60 116
57 117
57 117
57 117
58 117
58 117
58 117
59 117
59 117
59 117
60 117
60 117
60 117
57 118
57 118
57 118
58 118
58 118
58 118
59 118
59 118
59 118
60 118
60 118
60 118
56 119
56 119
56 119
57 119
57 119
57 119
58 119
58 119
58 119
59 119
59 119
59 119
56 120
56 120
56 120
57 120
57 120
57 120
58 120
58 120
58 120
59 120
59 120
59 120
56 121
56 121
56 121
57 121
57 121
57 121
58 121
58 121
58 121
59 121
59 121
59 121
60 121
60 121
60 121
58 122
58 122
58 122
59 122
59 122
59 122
60 122
60 122
60 122
61 122
61 122
61 122
59 123
59 123
59 123
60 123
60 123
60 123
61 123
61 123
61 123
59 124
59 124
59 124
60 124
60 124
60 124
61 124
61 124
61 124
62 124
62 124
62 124
59 125
59 125
59 125
60 125
60 125
60 125
61 125
61 125
61 125
62 125
62 125
62 125
60 126
60 126
60 126
61 126
61 126
61 126
62 126
62 126
62 126
63 126
63 126
63 126
60 127
60 127
60 127
61 127
61 127
61 127
62 127
62 127
62 127
59 128
59 128
59 128
60 128
60 128
60 128
61 128
61 128
61 128
62 128
62 128
62 128
59 129
59 129
59 129
60 129
60 129
60 129
61 129
61 129
61 129
62 129
62 129
62 129
58 130
58 130
58 130
59 130
59 130
59 130
60 130
60 130
60 130
61 130
61 130
61 130
58 131
58 131
58 131
59 131
59 131
59 131
60 131
60 131
60 131
61 131
61 131
61 131
59 132
59 132
59 132
60 132
60 132
60 132
61 132
61 132
61 132
62 132
62 132
62 132
59 133
59 133
59 133
60 133
60 133
60 133
61 133
61 133
61 133
62 133
62 133
62 133
58 134
58 134
58 134
59 134
59 134
59 134
60 134
60 134
60 134
61 134
61 134
61 134
62 134
62 134
62 134
58 135
58 135
58 135
59 135
59 135
59 135
60 135
60 135
60 135
61 135
61 135
61 135
62 135
62 135
62 135
60 136
60 136
60 136
61 136
61 136
61 136
62 136
62 136
62 136
63 136
63 136
63 136
64 136
64 136
64 136
61 137
61 137
61 137
62 137
62 137
62 137
63 137
63 137
63 137
64 137
64 137
64 137
61 138
61 138
61 138
62 138
62 138
62 138
63 138
63 138
63 138
64 138
64 138
64 138
61 139
61 139
61 139
62 139
62 139
62 139
63 139
63 139
63 139
64 139
64 139
64 139
61 140
61 140
61 140
62 140
62 140
62 140
63 140
63 140
63 140
64 140
64 140
64 140
62 141
62 141
62 141
63 141
63 141
63 141
64 141
64 141
64 141
65 141
65 141
65 141
62 142
62 142
62 142
63 142
63 142
63 142
64 142
64 142
64 142
65 142
65 142
65 142
61 143
61 143
61 143
62 143
62 143
62 143
63 143
63 143
63 143
64 143
64 143
64 143
60 144
60 144
60 144
61 144
61 144
61 144
62 144
62 144
62 144
63 144
63 144
63 144
60 145
60 145
60 145
61 145
61 145
61 145
62 145
62 145
62 145
63 145
63 145
63 145
60 146
60 146
60 146
61 146
61 146
61 146
62 146
62 146
62 146
63 146
63 146
63 146
61 147
61 147
61 147
62 147
62 147
62 147
63 147
63 147
63 147
61 148
61 148
61 148
62 148
62 148
62 148
63 148
63 148
63 148
64 148
64 148
64 148
61 149
61 149
61 149
62 149
62 149
62 149
63 149
63 149
63 149
64 149
64 149
64 149
62 150
62 150
62 150
63 150
63 150
63 150
64 150
64 150
64 150
65 150
65 150
65 150
63 151
63 151
63 151
64 151
64 151
64 151
65 151
65 151
65 151
63 152
63 152
63 152
64 152
64 152
64 152
65 152
65 152
65 152
66 152
66 152
66 152
62 153
62 153
62 153
63 153
63 153
63 153
64 153
64 153
64 153
65 153
65 153
65 153
66 153
66 153
66 153
62 154
62 154
62 154
63 154
63 154
63 154
64 154
64 154
64 154
65 154
65 154
65 154
66 154
66 154
66 154
62 155
62 155
62 155
63 155
63 155
63 155
64 155
64 155
64 155
65 155
65 155
65 155
66 155
66 155
66 155
67 155
67 155
67 155
63 156
63 156
63 156
64 156
64 156
64 156
65 156
65 156
65 156
66 156
66 156
66 156
67 156
67 156
67 156
64 157
64 157
64 157
65 157
65 157
65 157
66 157
66 157
66 157
67 157
67 157
67 157
64 158
64 158
64 158
65 158
65 158
65 158
66 158
66 158
66 158
67 158
67 158
67 158
63 159
63 159
63 159
64 159
64 159
64 159
65 159
65 159
65 159
66 159
66 159
66 159
67 159
67 159
67 159
63 160
63 160
63 160
64 160
64 160
64 160
65 160
65 160
65 160
66 160
66 160
66 160
62 161
62 161
62 161
63 161
63 161
63 161
64 161
64 161
64 161
65 161
65 161
65 161
62 162
62 162
62 162
63 162
63 162
63 162
64 162
64 162
64 162
65 162
65 162
65 162
62 163
62 163
62 163
63 163
63 163
63 163
64 163
64 163
64 163
65 163
65 163
65 163
62 164
62 164
62 164
63 164
63 164
63 164
64 164
64 164
64 164
65 164
65 164
65 164
62 165
62 165
62 165
63 165
63 165
63 165
64 165
64 165
64 165
65 165
65 165
65 165
66 165
66 165
66 165
64 166
64 166
64 166
65 166
65 166
65 166
66 166
66 166
66 166
65 167
65 167
65 167
66 167
66 167
66 167
67 167
67 167
67 167
68 167
68 167
68 167
65 168
65 168
65 168
66 168
66 168
66 168
67 168
67 168
67 168
68 168
68 168
68 168
64 169
64 169
64 169
65 169
65 169
65 169
66 169
66 169
66 169
67 169
67 169
67 169
68 169
68 169
68 169
64 170
64 170
64 170
65 170
65 170
65 170
66 170
66 170
66 170
67 170
67 170
67 170
64 171
64 171
64 171
65 171
65 171
65 171
66 171
66 171
66 171
64 172
64 172
64 172
65 172
65 172
65 172
66 172
66 172
66 172
67 172
67 172
67 172
64 173
64 173
64 173
65 173
65 173
65 173
66 173
66 173
66 173
67 173
67 173
67 173
64 174
64 174
64 174
65 174
65 174
65 174
66 174
66 174
66 174
67 174
67 174
67 174
64 175
64 175
64 175
65 175
65 175
65 175
66 175
66 175
66 175
67 175
67 175
67 175
64 176
64 176
64 176
65 176
65 176
65 176
66 176
66 176
66 176
67 176
67 176
67 176
65 177
65 177
65 177
66 177
66 177
66 177
67 177
67 177
67 177
65 178
65 178
65 178
66 178
66 178
66 178
67 178
67 178
67 178
68 178
68 178
68 178
66 179
66 179
66 179
67 179
67 179
67 179
68 179
68 179
68 179
69 179
69 179
69 179
66 180
66 180
66 180
67 180
67 180
67 180
68 180
68 180
68 180
69 180
69 180
69 180
66 181
66 181
66 181
67 181
67 181
67 181
68 181
68 181
68 181
69 181
69 181
69 181
66 182
66 182
66 182
67 182
67 182
67 182
68 182
68 182
68 182
65 183
65 183
65 183
66 183
66 183
66 183
67 183
67 183
67 183
68 183
68 183
68 183
64 184
64 184
64 184
65 184
65 184
65 184
66 184
66 184
66 184
67 184
67 184
67 184
68 184
68 184
68 184
65 185
65 185
65 185
66 185
66 185
66 185
67 185
67 185
67 185
68 185
68 185
68 185
66 186
66 186
66 186
67 186
67 186
67 186
68 186
68 186
68 186
67 187
67 187
67 187
68 187
68 187
68 187
69 187
69 187
69 187
70 187
70 187
70 187
67 188
67 188
67 188
68 188
68 188
68 188
69 188
69 188
69 188
70 188
70 188
70 188
66 189
66 189
66 189
67 189
67 189
67 189
68 189
68 189
68 189
69 189
69 189
69 189
70 189
70 189
70 189
67 190
67 190
67 190
68 190
68 190
68 190
69 190
69 190
69 190
70 190
70 190
70 190
67 191
67 191
67 191
68 191
68 191
68 191
69 191
69 191
69 191
70 191
70 191
70 191
68 192
68 192
68 192
69 192
69 192
69 192
70 192
70 192
70 192
67 193
67 193
67 193
68 193
68 193
68 193
69 193
69 193
69 193
70 193
70 193
70 193
67 194
67 194
67 194
68 194
68 194
68 194
69 194
69 194
69 194
70 194
70 194
70 194
66 195
66 195
66 195
67 195
67 195
67 195
68 195
68 195
68 195
69 195
69 195
69 195
70 195
70 195
70 195
66 196
66 196
66 196
67 196
67 196
67 196
68 196
68 196
68 196
69 196
69 196
69 196
70 196
70 196
70 196
66 197
66 197
66 197
67 197
67 197
67 197
68 197
68 197
68 197
69 197
69 197
69 197
70 197
70 197
70 197
66 198
66 198
66 198
67 198
67 198
67 198
68 198
68 198
68 198
69 198
69 198
69 198
66 199
66 199
66 199
67 199
67 199
67 199
68 199
68 199
68 199
69 199
69 199
69 199
67 200
67 200
67 200
68 200
68 200
68 200
69 200
69 200
69 200
70 200
70 200
70 200
68 201
68 201
68 201
69 201
69 201
69 201
70 201
70 201
70 201
71 201
71 201
71 201
69 202
69 202
69 202
70 202
70 202
70 202
71 202
71 202
71 202
69 203
69 203
69 203
70 203
70 203
70 203
71 203
71 203
71 203
69 204
69 204
69 204
70 204
70 204
70 204
71 204
71 204
71 204
68 205
68 205
68 205
69 205
69 205
69 205
70 205
70 205
70 205
71 205
71 205
71 205
67 206
67 206
67 206
68 206
68 206
68 206
69 206
69 206
69 206
70 206
70 206
70 206
71 206
71 206
71 206
67 207
67 207
67 207
68 207
68 207
68 207
69 207
69 207
69 207
70 207
70 207
70 207
71 207
71 207
71 207
67 208
67 208
67 208
68 208
68 208
68 208
69 208
69 208
69 208
70 208
70 208
70 208
71 208
71 208
71 208
67 209
67 209
67 209
68 209
68 209
68 209
69 209
69 209
69 209
70 209
70 209
70 209
67 210
67 210
67 210
68 210
68 210
68 210
69 210
69 210
69 210
70 210
70 210
70 210
68 211
68 211
68 211
69 211
69 211
69 211
70 211
70 211
70 211
71 211
71 211
71 211
68 212
68 212
68 212
69 212
69 212
69 212
70 212
70 212
70 212
71 212
71 212
71 212
72 212
72 212
72 212
69 213
69 213
69 213
70 213
70 213
70 213
71 213
71 213
71 213
72 213
72 213
72 213
70 214
70 214
70 214
71 214
71 214
71 214
72 214
72 214
72 214
70 215
70 215
70 215
71 215
71 215
71 215
72 215
72 215
72 215
73 215
73 215
73 215
70 216
70 216
70 216
71 216
71 216
71 216
72 216
72 216
72 216
73 216
73 216
73 216
69 217
69 217
69 217
70 217
70 217
70 217
71 217
71 217
71 217
72 217
72 217
72 217
73 217
73 217
73 217
69 218
69 218
69 218
70 218
70 218
70 218
71 218
71 218
71 218
72 218
72 218
72 218
73 218
73 218
73 218
69 219
69 219
69 219
70 219
70 219
70 219
71 219
71 219
71 219
72 219
72 219
72 219
69 220
69 220
69 220
70 220
70 220
70 220
71 220
71 220
71 220
69 221
69 221
69 221
70 221
70 221
70 221
71 221
71 221
71 221
69 222
69 222
69 222
70 222
70 222
70 222
71 222
71 222
71 222
72 222
72 222
72 222
69 223
69 223
69 223
70 223
70 223
70 223
71 223
71 223
71 223
72 223
72 223
72 223
69 224
69 224
69 224
70 224
70 224
70 224
71 224
71 224
71 224
72 224
72 224
72 224
69 225
69 225
69 225
70 225
70 225
70 225
71 225
71 225
71 225
72 225
72 225
72 225
69 226
69 226
69 226
70 226
70 226
70 226
71 226
71 226
71 226
72 226
72 226
72 226
70 227
70 227
70 227
71 227
71 227
71 227
72 227
72 227
72 227
73 227
73 227
73 227
71 228
71 228
71 228
72 228
72 228
72 228
73 228
73 228
73 228
71 229
71 229
71 229
72 229
72 229
72 229
73 229
73 229
73 229
71 230
71 230
71 230
72 230
72 230
72 230
73 230
73 230
73 230
70 231
70 231
70 231
71 231
71 231
71 231
72 231
72 231
72 231
73 231
73 231
73 231
70 232
70 232
70 232
71 232
71 232
71 232
72 232
72 232
72 232
73 232
73 232
73 232
70 233
70 233
70 233
71 233
71 233
71 233
72 233
72 233
72 233
73 233
73 233
73 233
70 234
70 234
70 234
71 234
71 234
71 234
72 234
72 234
72 234
73 234
73 234
73 234
70 235
70 235
70 235
71 235
71 235
71 235
72 235
72 235
72 235
73 235
73 235
73 235
69 236
69 236
69 236
70 236
70 236
70 236
71 236
71 236
71 236
72 236
72 236
72 236
73 236
73 236
73 236
69 237
69 237
69 237
70 237
70 237
70 237
71 237
71 237
71 237
72 237
72 237
72 237
73 237
73 237
73 237
70 238
70 238
70 238
71 238
71 238
71 238
72 238
72 238
72 238
73 238
73 238
73 238
71 239
71 239
71 239
72 239
72 239
72 239
73 239
73 239
73 239
74 239
74 239
74 239
72 240
72 240
72 240
73 240
73 240
73 240
74 240
74 240
74 240
72 241
72 241
72 241
73 241
73 241
73 241
74 241
74 241
74 241
75 241
75 241
75 241
72 242
72 242
72 242
73 242
73 242
73 242
74 242
74 242
74 242
75 242
75 242
75 242
71 243
71 243
71 243
72 243
72 243
72 243
73 243
73 243
73 243
74 243
74 243
74 243
75 243
75 243
75 243
70 244
70 244
70 244
71 244
71 244
71 244
72 244
72 244
72 244
73 244
73 244
73 244
74 244
74 244
74 244
70 245
70 245
70 245
71 245
71 245
71 245
72 245
72 245
72 245
73 245
73 245
73 245
74 245
74 245
74 245
70 246
70 246
70 246
71 246
71 246
71 246
72 246
72 246
72 246
73 246
73 246
73 246
70 247
70 247
70 247
71 247
71 247
71 247
72 247
72 247
72 247
73 247
73 247
73 247
71 248
71 248
71 248
72 248
72 248
72 248
73 248
73 248
73 248
74 248
74 248
74 248
71 249
71 249
71 249
72 249
72 249
72 249
73 249
73 249
73 249
74 249
74 249
74 249
72 250
72 250
72 250
73 250
73 250
73 250
74 250
74 250
74 250
75 250
75 250
75 250
72 251
72 251
72 251
73 251
73 251
73 251
74 251
74 251
74 251
75 251
75 251
75 251
76 251
76 251
76 251
72 252
72 252
72 252
73 252
73 252
73 252
74 252
74 252
74 252
75 252
75 252
75 252
76 252
76 252
76 252
72 253
72 253
72 253
73 253
73 253
73 253
74 253
74 253
74 253
75 253
75 253
75 253
76 253
76 253
76 253
72 254
72 254
72 254
73 254
73 254
73 254
74 254
74 254
74 254
75 254
75 254
75 254
72 255
72 255
72 255
73 255
73 255
73 255
74 255
74 255
74 255
75 255
75 255
75 255
71 256
71 256
71 256
72 256
72 256
72 256
73 256
73 256
73 256
74 256
74 256
74 256
71 257
71 257
71 257
72 257
72 257
72 257
73 257
73 257
73 257
74 257
74 257
74 257
71 258
71 258
71 258
72 258
72 258
72 258
73 258
73 258
73 258
74 258
74 258
74 258
71 259
71 259
71 259
72 259
72 259
72 259
73 259
73 259
73 259
74 259
74 259
74 259
72 260
72 260
72 260
73 260
73 260
73 260
74 260
74 260
74 260
72 261
72 261
72 261
73 261
73 261
73 261
74 261
74 261
74 261
75 261
75 261
75 261
73 262
73 262
73 262
74 262
74 262
74 262
75 262
75 262
75 262
76 262
76 262
76 262
74 263
74 263
74 263
75 263
75 263
75 263
76 263
76 263
76 263
74 264
74 264
74 264
75 264
75 264
75 264
76 264
76 264
76 264
73 265
73 265
73 265
74 265
74 265
74 265
75 265
75 265
75 265
76 265
76 265
76 265
72 266
72 266
72 266
73 266
73 266
73 266
74 266
74 266
74 266
75 266
75 266
75 266
72 267
72 267
72 267
73 267
73 267
73 267
74 267
74 267
74 267
75 267
75 267
75 267
72 268
72 268
72 268
73 268
73 268
73 268
74 268
74 268
74 268
75 268
75 268
75 268
72 269
72 269
72 269
73 269
73 269
73 269
74 269
74 269
74 269
75 269
75 269
75 269
73 270
73 270
73 270
74 270
74 270
74 270
75 270
75 270
75 270
76 270
76 270
76 270
73 271
73 271
73 271
74 271
74 271
74 271
75 271
75 271
75 271
76 271
76 271
76 271
73 272
73 272
73 272
74 272
74 272
74 272
75 272
75 272
75 272
76 272
76 272
76 272
74 273
74 273
74 273
75 273
75 273
75 273
76 273
76 273
76 273
74 274
74 274
74 274
75 274
75 274
75 274
76 274
76 274
76 274
74 275
74 275
74 275
75 275
75 275
75 275
76 275
76 275
76 275
74 276
74 276
74 276
75 276
75 276
75 276
76 276
76 276
76 276
74 277
74 277
74 277
75 277
75 277
75 277
76 277
76 277
76 277
77 277
77 277
77 277
73 278
73 278
73 278
74 278
74 278
74 278
75 278
75 278
75 278
76 278
76 278
76 278
77 278
77 278
77 278
73 279
73 279
73 279
74 279
74 279
74 279
75 279
75 279
75 279
76 279
76 279
76 279
77 279
77 279
77 279
73 280
73 280
73 280
74 280
74 280
74 280
75 280
75 280
75 280
76 280
76 280
76 280
73 281
73 281
73 281
74 281
74 281
74 281
75 281
75 281
75 281
76 281
76 281
76 281
73 282
73 282
73 282
74 282
74 282
74 282
75 282
75 282
75 282
76 282
76 282
76 282
74 283
74 283
74 283
75 283
75 283
75 283
76 283
76 283
76 283
77 283
77 283
77 283
74 284
74 284
74 284
75 284
75 284
75 284
76 284
76 284
76 284
77 284
77 284
77 284
75 285
75 285
75 285
76 285
76 285
76 285
77 285
77 285
77 285
75 286
75 286
75 286
76 286
76 286
76 286
77 286
77 286
77 286
75 287
75 287
75 287
76 287
76 287
76 287
77 287
77 287
77 287
75 288
75 288
75 288
76 288
76 288
76 288
77 288
77 288
77 288
74 289
74 289
74 289
75 289
75 289
75 289
76 289
76 289
76 289
77 289
77 289
77 289
72 290
72 290
72 290
73 290
73 290
73 290
74 290
74 290
74 290
75 290
75 290
75 290
76 290
76 290
76 290
72 291
72 291
72 291
73 291
73 291
73 291
74 291
74 291
74 291
75 291
75 291
75 291
76 291
76 291
76 291
73 292
73 292
73 292
74 292
74 292
74 292
75 292
75 292
75 292
76 292
76 292
76 292
73 293
73 293
73 293
74 293
74 293
74 293
75 293
75 293
75 293
76 293
76 293
76 293
74 294
74 294
74 294
75 294
75 294
75 294
76 294
76 294
76 294
77 294
77 294
77 294
74 295
74 295
74 295
75 295
75 295
75 295
76 295
76 295
76 295
77 295
77 295
77 295
75 296
75 296
75 296
76 296
76 296
76 296
77 296
77 296
77 296
75 297
75 297
75 297
76 297
76 297
76 297
77 297
77 297
77 297
78 297
78 297
78 297
75 298
75 298
75 298
76 298
76 298
76 298
77 298
77 298
77 298
78 298
78 298
78 298
76 299
76 299
76 299
77 299
77 299
77 299
78 299
78 299
78 299
75 300
75 300
75 300
76 300
76 300
76 300
77 300
77 300
77 300
78 300
78 300
78 300
75 301
75 301
75 301
76 301
76 301
76 301
77 301
77 301
77 301
78 301
78 301
78 301
75 302
75 302
75 302
76 302
76 302
76 302
77 302
77 302
77 302
78 302
78 302
78 302
75 303
75 303
75 303
76 303
76 303
76 303
77 303
77 303
77 303
78 303
78 303
78 303
74 304
74 304
74 304
75 304
75 304
75 304
76 304
76 304
76 304
77 304
77 304
77 304
78 304
78 304
78 304
74 305
74 305
74 305
75 305
75 305
75 305
76 305
76 305
76 305
77 305
77 305
77 305
78 305
78 305
78 305
75 306
75 306
75 306
76 306
76 306
76 306
77 306
77 306
77 306
78 306
78 306
78 306
79 306
79 306
79 306
75 307
75 307
75 307
76 307
76 307
76 307
77 307
77 307
77 307
78 307
78 307
78 307
79 307
79 307
79 307
76 308
76 308
76 308
77 308
77 308
77 308
78 308
78 308
78 308
79 308
79 308
79 308
76 309
76 309
76 309
77 309
77 309
77 309
78 309
78 309
78 309
76 310
76 310
76 310
77 310
77 310
77 310
78 310
78 310
78 310
75 311
75 311
75 311
76 311
76 311
76 311
77 311
77 311
77 311
78 311
78 311
78 311
75 312
75 312
75 312
76 312
76 312
76 312
77 312
77 312
77 312
75 313
75 313
75 313
76 313
76 313
76 313
77 313
77 313
77 313
76 314
76 314
76 314
77 314
77 314
77 314
78 314
78 314
78 314
76 315
76 315
76 315
77 315
77 315
77 315
78 315
78 315
78 315
76 316
76 316
76 316
77 316
77 316
77 316
78 316
78 316
78 316
79 316
79 316
79 316
76 317
76 317
76 317
77 317
77 317
77 317
78 317
78 317
78 317
79 317
79 317
79 317
80 317
80 317
80 317
76 318
76 318
76 318
77 318
77 318
77 318
78 318
78 318
78 318
79 318
79 318
79 318
80 318
80 318
80 318
77 319
77 319
77 319
78 319
78 319
78 319
79 319
79 319
79 319
80 319
80 319
80 319
76 320
76 320
76 320
77 320
77 320
77 320
78 320
78 320
78 320
79 320
79 320
79 320
80 320
80 320
80 320
76 321
76 321
76 321
77 321
77 321
77 321
78 321
78 321
78 321
79 321
79 321
79 321
75 322
75 322
75 322
76 322
76 322
76 322
77 322
77 322
77 322
78 322
78 322
78 322
75 323
75 323
75 323
76 323
76 323
76 323
77 323
77 323
77 323
78 323
78 323
78 323
76 324
76 324
76 324
77 324
77 324
77 324
78 324
78 324
78 324
76 325
76 325
76 325
77 325
77 325
77 325
78 325
78 325
78 325
77 326
77 326
77 326
78 326
78 326
78 326
77 327
77 327
77 327
78 327
78 327
78 327
78 328
78 328
78 328
79 328
79 328
79 328
80 328
80 328
80 328
78 329
78 329
78 329
79 329
79 329
79 329
80 329
80 329
80 329
77 330
77 330
77 330
78 330
78 330
78 330
79 330
79 330
79 330
80 330
80 330
80 330
76 331
76 331
76 331
77 331
77 331
77 331
78 331
78 331
78 331
79 331
79 331
79 331
75 332
75 332
75 332
76 332
76 332
76 332
77 332
77 332
77 332
78 332
78 332
78 332
75 333
75 333
75 333
76 333
76 333
76 333
77 333
77 333
77 333
78 333
78 333
78 333
76 334
76 334
76 334
77 334
77 334
77 334
78 334
78 334
78 334
81 334
81 334
81 334
82 334
82 334
82 334
78 335
78 335
78 335
79 335
79 335
79 335
80 335
80 335
80 335
81 335
81 335
81 335
82 335
82 335
82 335
78 336
78 336
78 336
79 336
79 336
79 336
80 336
80 336
80 336
81 336
81 336
81 336
78 337
78 337
78 337
79 337
79 337
79 337
80 337
80 337
80 337
78 338
78 338
78 338
79 338
79 338
79 338
80 338
80 338
80 338
77 339
77 339
77 339
78 339
78 339
78 339
79 339
79 339
79 339
76 340
76 340
76 340
77 340
77 340
77 340
78 340
78 340
78 340
79 340
79 340
79 340
76 341
76 341
76 341
77 341
77 341
77 341
78 341
78 341
78 341
79 341
79 341
79 341
75 342
75 342
75 342
76 342
76 342
76 342
77 342
77 342
77 342
78 342
78 342
78 342
75 343
75 343
75 343
76 343
76 343
76 343
77 343
77 343
77 343
78 343
78 343
78 343
74 344
74 344
74 344
75 344
75 344
75 344
76 344
76 344
76 344
77 344
77 344
77 344
75 345
75 345
75 345
76 345
76 345
76 345
77 345
77 345
77 345
74 346
74 346
74 346
75 346
75 346
75 346
76 346
76 346
76 346
77 346
77 346
77 346
78 346
78 346
78 346
75 347
75 347
75 347
76 347
76 347
76 347
77 347
77 347
77 347
78 347
78 347
78 347
79 347
79 347
79 347
75 348
75 348
75 348
76 348
76 348
76 348
77 348
77 348
77 348
78 348
78 348
78 348
79 348
79 348
79 348
80 348
80 348
80 348
75 349
75 349
75 349
76 349
76 349
76 349
78 349
78 349
78 349
79 349
79 349
79 349
80 349
80 349
80 349
75 350
75 350
75 350
76 350
76 350
76 350
77 350
77 350
77 350
78 350
78 350
78 350
79 350
79 350
79 350
80 350
80 350
80 350
75 351
75 351
75 351
76 351
76 351
76 351
77 351
77 351
77 351
78 351
78 351
78 351
79 351
79 351
79 351
80 351
80 351
80 351
75 352
75 352
75 352
76 352
76 352
76 352
77 352
77 352
77 352
78 352
78 352
78 352
79 352
79 352
79 352
80 352
80 352
80 352
76 353
76 353
76 353
77 353
77 353
77 353
78 353
78 353
78 353
79 353
79 353
79 353
77 354
77 354
77 354
78 354
78 354
78 354
77 355
77 355
77 355
78 355
78 355
78 355
77 356
77 356
77 356
78 356
78 356
78 356
77 357
77 357
77 357
78 357
78 357
78 357
77 358
77 358
77 358
78 358
78 358
78 358
78 359
78 359
78 359
79 359
79 359
79 359
80 359
80 359
80 359
78 360
78 360
78 360
79 360
79 360
79 360
80 360
80 360
80 360
78 361
78 361
78 361
79 361
79 361
79 361
80 361
80 361
80 361
78 362
78 362
78 362
79 362
79 362
79 362
80 362
80 362
80 362
78 363
78 363
78 363
79 363
79 363
79 363
80 363
80 363
80 363
78 364
78 364
78 364
79 364
79 364
79 364
80 364
80 364
80 364
78 365
78 365
78 365
79 365
79 365
79 365
80 365
80 365
80 365
81 365
81 365
81 365
78 366
78 366
78 366
79 366
79 366
79 366
80 366
80 366
80 366
81 366
81 366
81 366
76 367
76 367
76 367
77 367
77 367
77 367
78 367
78 367
78 367
79 367
79 367
79 367
80 367
80 367
80 367
81 367
81 367
81 367
76 368
76 368
76 368
77 368
77 368
77 368
78 368
78 368
78 368
79 368
79 368
79 368
80 368
80 368
80 368
81 368
81 368
81 368
76 369
76 369
76 369
77 369
77 369
77 369
78 369
78 369
78 369
79 369
79 369
79 369
77 370
77 370
77 370
78 370
78 370
78 370
79 370
79 370
79 370
77 371
77 371
77 371
78 371
78 371
78 371
79 371
79 371
79 371
80 371
80 371
80 371
78 372
78 372
78 372
79 372
79 372
79 372
80 372
80 372
80 372
78 373
78 373
78 373
79 373
79 373
79 373
80 373
80 373
80 373
78 374
78 374
78 374
79 374
79 374
79 374
80 374
80 374
80 374
78 375
78 375
78 375
79 375
79 375
79 375
80 375
80 375
80 375
78 376
78 376
78 376
79 376
79 376
79 376
80 376
80 376
80 376
81 376
81 376
81 376
78 377
78 377
78 377
79 377
79 377
79 377
80 377
80 377
80 377
81 377
81 377
81 377
77 378
77 378
77 378
78 378
78 378
78 378
79 378
79 378
79 378
80 378
80 378
80 378
81 378
81 378
81 378
82 378
82 378
82 378
76 379
76 379
76 379
77 379
77 379
77 379
78 379
78 379
78 379
79 379
79 379
79 379
82 379
82 379
82 379
76 380
76 380
76 380
77 380
77 380
77 380
78 380
78 380
78 380
79 380
79 380
79 380
76 381
76 381
76 381
77 381
77 381
77 381
78 381
78 381
78 381
79 381
79 381
79 381
76 382
76 382
76 382
77 382
77 382
77 382
78 382
78 382
78 382
79 382
79 382
79 382
76 383
76 383
76 383
77 383
77 383
77 383
79 383
79 383
79 383
80 383
80 383
80 383
81 383
81 383
81 383
76 384
76 384
76 384
80 384
80 384
80 384
81 384
81 384
81 384
76 385
76 385
76 385
80 385
80 385
80 385
81 385
81 385
81 385
80 386
80 386
80 386
81 386
81 386
81 386
77 387
77 387
77 387
78 387
78 387
78 387
79 387
79 387
79 387
80 387
80 387
80 387
81 387
81 387
81 387
77 388
77 388
77 388
78 388
78 388
78 388
79 388
79 388
79 388
80 388
80 388
80 388
77 389
77 389
77 389
78 389
78 389
78 389
79 389
79 389
79 389
80 389
80 389
80 389
78 390
78 390
78 390
79 390
79 390
79 390
80 390
80 390
80 390
78 391
78 391
78 391
79 391
79 391
79 391
80 391
80 391
80 391
79 392
79 392
79 392
80 392
80 392
80 392
81 392
81 392
81 392
80 393
80 393
80 393
81 393
81 393
81 393
80 394
80 394
80 394
81 394
81 394
81 394
80 395
80 395
80 395
81 395
81 395
81 395
80 396
80 396
80 396
81 396
81 396
81 396
82 396
82 396
82 396
80 397
80 397
80 397
81 397
81 397
81 397
82 397
82 397
82 397
80 398
80 398
80 398
81 398
81 398
81 398
82 398
82 398
82 398
80 399
80 399
80 399
81 399
81 399
81 399
82 399
82 399
82 399
78 400
78 400
78 400
79 400
79 400
79 400
80 400
80 400
80 400
81 400
81 400
81 400
82 400
82 400
82 400
