148 1
148 1
148 1
148 2
148 2
148 2
153 2
153 2
153 2
148 3
148 3
148 3
152 3
152 3
152 3
153 3
153 3
153 3
148 4
148 4
148 4
149 4
149 4
149 4
151 4
151 4
151 4
152 4
152 4
152 4
153 4
153 4
153 4
148 5
148 5
148 5
149 5
149 5
149 5
150 5
150 5
150 5
151 5
151 5
151 5
152 5
152 5
152 5
153 5
153 5
153 5
148 6
148 6
148 6
150 6
150 6
150 6
151 6
151 6
151 6
152 6
152 6
152 6
153 6
153 6
153 6
150 7
150 7
150 7
151 7
151 7
151 7
152 7
152 7
152 7
153 7
153 7
153 7
150 8
150 8
150 8
151 8
151 8
151 8
152 8
152 8
152 8
153 8
153 8
153 8
149 9
149 9
149 9
150 9
150 9
150 9
151 9
151 9
151 9
152 9
152 9
152 9
148 10
148 10
148 10
149 10
149 10
149 10
150 10
150 10
150 10
151 10
151 10
151 10
152 10
152 10
152 10
148 11
148 11
148 11
149 11
149 11
149 11
150 11
150 11
150 11
151 11
151 11
151 11
152 11
152 11
152 11
149 12
149 12
149 12
150 12
150 12
150 12
151 12
151 12
151 12
152 12
152 12
152 12
150 13
150 13
150 13
151 13
151 13
151 13
152 13
152 13
152 13
153 13
153 13
153 13
151 14
151 14
151 14
152 14
152 14
152 14
153 14
153 14
153 14
151 15
151 15
151 15
152 15
152 15
152 15
151 16
151 16
151 16
152 16
152 16
152 16
150 17
150 17
150 17
151 17
151 17
151 17
149 18
149 18
149 18
150 18
150 18
150 18
151 18
151 18
151 18
150 19
150 19
150 19
151 19
151 19
151 19
152 19
152 19
152 19
150 20
150 20
150 20
151 20
151 20
151 20
152 20
152 20
152 20
151 21
151 21
151 21
152 21
152 21
152 21
150 22
150 22
150 22
151 22
151 22
151 22
152 22
152 22
152 22
150 23
150 23
150 23
151 23
151 23
151 23
152 23
152 23
152 23
150 24
150 24
150 24
151 24
151 24
151 24
152 24
152 24
152 24
149 25
149 25
149 25
150 25
150 25
150 25
151 25
151 25
151 25
148 26
148 26
148 26
149 26
149 26
149 26
150 26
150 26
150 26
148 27
148 27
148 27
149 27
149 27
149 27
150 27
150 27
150 27
148 28
148 28
148 28
149 28
149 28
149 28
150 28
150 28
150 28
149 29
149 29
149 29
150 29
150 29
150 29
149 30
149 30
149 30
150 30
150 30
150 30
151 30
151 30
151 30
148 31
148 31
148 31
149 31
149 31
149 31
150 31
150 31
150 31
151 31
151 31
151 31
148 32
148 32
148 32
149 32
149 32
149 32
150 32
150 32
150 32
151 32
151 32
151 32
148 33
148 33
148 33
149 33
149 33
149 33
150 33
150 33
150 33
151 33
151 33
151 33
149 34
149 34
149 34
150 34
150 34
150 34
151 34
151 34
151 34
148 35
148 35
148 35
149 35
149 35
149 35
150 35
150 35
150 35
151 35
151 35
151 35
148 36
148 36
148 36
149 36
149 36
149 36
150 36
150 36
150 36
151 36
151 36
151 36
148 37
148 37
148 37
149 37
149 37
149 37
150 37
150 37
150 37
151 37
151 37
151 37
148 38
148 38
148 38
149 38
149 38
149 38
150 38
150 38
150 38
151 38
151 38
151 38
148 39
148 39
148 39
149 39
149 39
149 39
150 39
150 39
150 39
151 39
151 39
151 39
148 40
148 40
148 40
149 40
149 40
149 40
150 40
150 40
150 40
151 40
151 40
151 40
149 41
149 41
149 41
150 41
150 41
150 41
151 41
151 41
151 41
149 42
149 42
149 42
150 42
150 42
150 42
151 42
151 42
151 42
147 43
147 43
147 43
148 43
148 43
148 43
149 43
149 43
149 43
150 43
150 43
150 43
151 43
151 43
151 43
147 44
147 44
147 44
148 44
148 44
148 44
149 44
149 44
149 44
150 44
150 44
150 44
147 45
147 45
147 45
148 45
148 45
148 45
149 45
149 45
149 45
150 45
150 45
150 45
147 46
147 46
147 46
148 46
148 46
148 46
149 46
149 46
149 46
150 46
150 46
150 46
147 47
147 47
147 47
148 47
148 47
148 47
149 47
149 47
149 47
150 47
150 47
150 47
148 48
148 48
148 48
149 48
149 48
149 48
150 48
150 48
150 48
151 48
151 48
151 48
148 49
148 49
148 49
149 49
149 49
149 49
150 49
150 49
150 49
151 49
151 49
151 49
148 50
148 50
148 50
149 50
149 50
149 50
150 50
150 50
150 50
151 50
151 50
151 50
149 51
149 51
149 51
150 51
150 51
150 51
151 51
151 51
151 51
149 52
149 52
149 52
150 52
150 52
150 52
151 52
151 52
151 52
149 53
149 53
149 53
150 53
150 53
150 53
151 53
151 53
151 53
149 54
149 54
149 54
150 54
150 54
150 54
151 54
151 54
151 54
148 55
148 55
148 55
149 55
149 55
149 55
150 55
150 55
150 55
151 55
151 55
151 55
148 56
148 56
148 56
149 56
149 56
149 56
150 56
150 56
150 56
148 57
148 57
148 57
149 57
149 57
149 57
147 58
147 58
147 58
148 58
148 58
148 58
149 58
149 58
149 58
147 59
147 59
147 59
148 59
148 59
148 59
149 59
149 59
149 59
147 60
147 60
147 60
148 60
148 60
148 60
149 60
149 60
149 60
148 61
148 61
148 61
149 61
149 61
149 61
148 62
148 62
148 62
149 62
149 62
149 62
148 63
148 63
148 63
149 63
149 63
149 63
150 63
150 63
150 63
147 64
147 64
147 64
148 64
148 64
148 64
149 64
149 64
149 64
147 65
147 65
147 65
148 65
148 65
148 65
149 65
149 65
149 65
147 66
147 66
147 66
148 66
148 66
148 66
149 66
149 66
149 66
147 67
147 67
147 67
148 67
148 67
148 67
149 67
149 67
149 67
150 67
150 67
150 67
147 68
147 68
147 68
148 68
148 68
148 68
149 68
149 68
149 68
150 68
150 68
150 68
147 69
147 69
147 69
148 69
148 69
148 69
149 69
149 69
149 69
150 69
150 69
150 69
147 70
147 70
147 70
148 70
148 70
148 70
149 70
149 70
149 70
150 70
150 70
150 70
147 71
147 71
147 71
148 71
148 71
148 71
149 71
149 71
149 71
147 72
147 72
147 72
148 72
148 72
148 72
149 72
149 72
149 72
150 72
150 72
150 72
147 73
147 73
147 73
148 73
148 73
148 73
149 73
149 73
149 73
150 73
150 73
150 73
147 74
147 74
147 74
148 74
148 74
148 74
149 74
149 74
149 74
147 75
147 75
147 75
148 75
148 75
148 75
149 75
149 75
149 75
147 76
147 76
147 76
148 76
148 76
148 76
149 76
149 76
149 76
147 77
147 77
147 77
148 77
148 77
148 77
149 77
149 77
149 77
146 78
146 78
146 78
147 78
147 78
147 78
148 78
148 78
148 78
149 78
149 78
149 78
146 79
146 79
146 79
147 79
147 79
147 79
148 79
148 79
148 79
149 79
149 79
149 79
146 80
146 80
146 80
147 80
147 80
147 80
148 80
148 80
148 80
149 80
149 80
149 80
146 81
146 81
146 81
147 81
147 81
147 81
148 81
148 81
148 81
146 82
146 82
146 82
147 82
147 82
147 82
148 82
148 82
148 82
146 83
146 83
146 83
147 83
147 83
147 83
148 83
148 83
148 83
146 84
146 84
146 84
147 84
147 84
147 84
148 84
148 84
148 84
146 85
146 85
146 85
147 85
147 85
147 85
148 85
148 85
148 85
146 86
146 86
146 86
147 86
147 86
147 86
148 86
148 86
148 86
146 87
146 87
146 87
147 87
147 87
147 87
148 87
148 87
148 87
149 87
149 87
149 87
146 88
146 88
146 88
147 88
147 88
147 88
148 88
148 88
148 88
149 88
149 88
149 88
146 89
146 89
146 89
147 89
147 89
147 89
148 89
148 89
148 89
149 89
149 89
149 89
146 90
146 90
146 90
147 90
147 90
147 90
148 90
148 90
148 90
149 90
149 90
149 90
146 91
146 91
146 91
147 91
147 91
147 91
148 91
148 91
148 91
149 91
149 91
149 91
146 92
146 92
146 92
147 92
147 92
147 92
148 92
148 92
148 92
146 93
146 93
146 93
147 93
147 93
147 93
148 93
148 93
148 93
146 94
146 94
146 94
147 94
147 94
147 94
145 95
145 95
145 95
146 95
146 95
146 95
147 95
147 95
147 95
146 96
146 96
146 96
147 96
147 96
147 96
146 97
146 97
146 97
147 97
147 97
147 97
148 97
148 97
148 97
146 98
146 98
146 98
147 98
147 98
147 98
148 98
148 98
148 98
146 99
146 99
146 99
147 99
147 99
147 99
148 99
148 99
148 99
146 100
146 100
146 100
147 100
147 100
147 100
148 100
148 100
148 100
146 101
146 101
146 101
147 101
147 101
147 101
148 101
148 101
148 101
146 102
146 102
146 102
147 102
147 102
147 102
148 102
148 102
148 102
146 103
146 103
146 103
147 103
147 103
147 103
148 103
148 103
148 103
145 104
145 104
145 104
146 104
146 104
146 104
147 104
147 104
147 104
145 105
145 105
145 105
146 105
146 105
146 105
147 105
147 105
147 105
145 106
145 106
145 106
146 106
146 106
146 106
147 106
147 106
147 106
145 107
145 107
145 107
146 107
146 107
146 107
147 107
147 107
147 107
145 108
145 108
145 108
146 108
146 108
146 108
147 108
147 108
147 108
145 109
145 109
145 109
146 109
146 109
146 109
147 109
147 109
147 109
145 110
145 110
145 110
146 110
146 110
146 110
147 110
147 110
147 110
144 111
144 111
144 111
145 111
145 111
145 111
146 111
146 111
146 111
147 111
147 111
147 111
144 112
144 112
144 112
145 112
145 112
145 112
146 112
146 112
146 112
147 112
147 112
147 112
144 113
144 113
144 113
145 113
145 113
145 113
146 113
146 113
146 113
147 113
147 113
147 113
144 114
144 114
144 114
145 114
145 114
145 114
146 114
146 114
146 114
147 114
147 114
147 114
144 115
144 115
144 115
145 115
145 115
145 115
146 115
146 115
146 115
147 115
147 115
147 115
144 116
144 116
144 116
145 116
145 116
145 116
146 116
146 116
146 116
147 116
147 116
147 116
144 117
144 117
144 117
145 117
145 117
145 117
146 117
146 117
146 117
144 118
144 118
144 118
145 118
145 118
145 118
146 118
146 118
146 118
144 119
144 119
144 119
145 119
145 119
145 119
146 119
146 119
146 119
144 120
144 120
144 120
145 120
145 120
145 120
146 120
146 120
146 120
145 121
145 121
145 121
146 121
146 121
146 121
144 122
144 122
144 122
145 122
145 122
145 122
146 122
146 122
146 122
144 123
144 123
144 123
145 123
145 123
145 123
146 123
146 123
146 123
143 124
143 124
143 124
144 124
144 124
144 124
145 124
145 124
145 124
146 124
146 124
146 124
143 125
143 125
143 125
144 125
144 125
144 125
145 125
145 125
145 125
146 125
146 125
146 125
143 126
143 126
143 126
144 126
144 126
144 126
145 126
145 126
145 126
146 126
146 126
146 126
143 127
143 127
143 127
144 127
144 127
144 127
145 127
145 127
145 127
146 127
146 127
146 127
143 128
143 128
143 128
144 128
144 128
144 128
145 128
145 128
145 128
146 128
146 128
146 128
143 129
143 129
143 129
144 129
144 129
144 129
145 129
145 129
145 129
146 129
146 129
146 129
143 130
143 130
143 130
144 130
144 130
144 130
145 130
145 130
145 130
146 130
146 130
146 130
143 131
143 131
143 131
144 131
144 131
144 131
145 131
145 131
145 131
146 131
146 131
146 131
143 132
143 132
143 132
144 132
144 132
144 132
145 132
145 132
145 132
146 132
146 132
146 132
143 133
143 133
143 133
144 133
144 133
144 133
145 133
145 133
145 133
146 133
146 133
146 133
143 134
143 134
143 134
144 134
144 134
144 134
145 134
145 134
145 134
146 134
146 134
146 134
143 135
143 135
143 135
144 135
144 135
144 135
145 135
145 135
145 135
143 136
143 136
143 136
144 136
144 136
144 136
145 136
145 136
145 136
143 137
143 137
143 137
144 137
144 137
144 137
145 137
145 137
145 137
142 138
142 138
142 138
143 138
143 138
143 138
144 138
144 138
144 138
145 138
145 138
145 138
142 139
142 139
142 139
143 139
143 139
143 139
144 139
144 139
144 139
145 139
145 139
145 139
142 140
142 140
142 140
143 140
143 140
143 140
144 140
144 140
144 140
142 141
142 141
142 141
143 141
143 141
143 141
144 141
144 141
144 141
142 142
142 142
142 142
143 142
143 142
143 142
144 142
144 142
144 142
142 143
142 143
142 143
143 143
143 143
143 143
144 143
144 143
144 143
142 144
142 144
142 144
143 144
143 144
143 144
144 144
144 144
144 144
142 145
142 145
142 145
143 145
143 145
143 145
144 145
144 145
144 145
142 146
142 146
142 146
143 146
143 146
143 146
144 146
144 146
144 146
145 146
145 146
145 146
142 147
142 147
142 147
143 147
143 147
143 147
144 147
144 147
144 147
145 147
145 147
145 147
142 148
142 148
142 148
143 148
143 148
143 148
144 148
144 148
144 148
142 149
142 149
142 149
143 149
143 149
143 149
144 149
144 149
144 149
142 150
142 150
142 150
143 150
143 150
143 150
144 150
144 150
144 150
142 151
142 151
142 151
143 151
143 151
143 151
144 151
144 151
144 151
141 152
141 152
141 152
142 152
142 152
142 152
143 152
143 152
143 152
144 152
144 152
144 152
141 153
141 153
141 153
142 153
142 153
142 153
143 153
143 153
143 153
144 153
144 153
144 153
141 154
141 154
141 154
142 154
142 154
142 154
143 154
143 154
143 154
144 154
144 154
144 154
141 155
141 155
141 155
142 155
142 155
142 155
143 155
143 155
143 155
144 155
144 155
144 155
141 156
141 156
141 156
142 156
142 156
142 156
143 156
143 156
143 156
144 156
144 156
144 156
141 157
141 157
141 157
142 157
142 157
142 157
143 157
143 157
143 157
144 157
144 157
144 157
141 158
141 158
141 158
142 158
142 158
142 158
143 158
143 158
143 158
144 158
144 158
144 158
141 159
141 159
141 159
142 159
142 159
142 159
143 159
143 159
143 159
141 160
141 160
141 160
142 160
142 160
142 160
143 160
143 160
143 160
141 161
141 161
141 161
142 161
142 161
142 161
143 161
143 161
143 161
141 162
141 162
141 162
142 162
142 162
142 162
143 162
143 162
143 162
141 163
141 163
141 163
142 163
142 163
142 163
140 164
140 164
140 164
141 164
141 164
141 164
142 164
142 164
142 164
143 164
143 164
143 164
140 165
140 165
140 165
141 165
141 165
141 165
142 165
142 165
142 165
143 165
143 165
143 165
140 166
140 166
140 166
141 166
141 166
141 166
142 166
142 166
142 166
143 166
143 166
143 166
140 167
140 167
140 167
141 167
141 167
141 167
142 167
142 167
142 167
143 167
143 167
143 167
140 168
140 168
140 168
141 168
141 168
141 168
142 168
142 168
142 168
140 169
140 169
140 169
141 169
141 169
141 169
142 169
142 169
142 169
140 170
140 170
140 170
141 170
141 170
141 170
142 170
142 170
142 170
140 171
140 171
140 171
141 171
141 171
141 171
142 171
142 171
142 171
139 172
139 172
139 172
140 172
140 172
140 172
141 172
141 172
141 172
142 172
142 172
142 172
139 173
139 173
139 173
140 173
140 173
140 173
141 173
141 173
141 173
142 173
142 173
142 173
139 174
139 174
139 174
140 174
140 174
140 174
141 174
141 174
141 174
142 174
142 174
142 174
139 175
139 175
139 175
140 175
140 175
140 175
141 175
141 175
141 175
142 175
142 175
142 175
139 176
139 176
139 176
140 176
140 176
140 176
141 176
141 176
141 176
142 176
142 176
142 176
139 177
139 177
139 177
140 177
140 177
140 177
141 177
141 177
141 177
139 178
139 178
139 178
140 178
140 178
140 178
141 178
141 178
141 178
139 179
139 179
139 179
140 179
140 179
140 179
141 179
141 179
141 179
138 180
138 180
138 180
139 180
139 180
139 180
140 180
140 180
140 180
141 180
141 180
141 180
138 181
138 181
138 181
139 181
139 181
139 181
140 181
140 181
140 181
141 181
141 181
141 181
138 182
138 182
138 182
139 182
139 182
139 182
140 182
140 182
140 182
141 182
141 182
141 182
138 183
138 183
138 183
139 183
139 183
139 183
140 183
140 183
140 183
141 183
141 183
141 183
138 184
138 184
138 184
139 184
139 184
139 184
140 184
140 184
140 184
141 184
141 184
141 184
138 185
138 185
138 185
139 185
139 185
139 185
140 185
140 185
140 185
141 185
141 185
141 185
138 186
138 186
138 186
139 186
139 186
139 186
140 186
140 186
140 186
141 186
141 186
141 186
138 187
138 187
138 187
139 187
139 187
139 187
140 187
140 187
140 187
138 188
138 188
138 188
139 188
139 188
139 188
140 188
140 188
140 188
138 189
138 189
138 189
139 189
139 189
139 189
140 189
140 189
140 189
137 190
137 190
137 190
138 190
138 190
138 190
139 190
139 190
139 190
140 190
140 190
140 190
137 191
137 191
137 191
138 191
138 191
138 191
139 191
139 191
139 191
140 191
140 191
140 191
137 192
137 192
137 192
138 192
138 192
138 192
139 192
139 192
139 192
140 192
140 192
140 192
137 193
137 193
137 193
138 193
138 193
138 193
139 193
139 193
139 193
140 193
140 193
140 193
137 194
137 194
137 194
138 194
138 194
138 194
139 194
139 194
139 194
140 194
140 194
140 194
137 195
137 195
137 195
138 195
138 195
138 195
139 195
139 195
139 195
140 195
140 195
140 195
137 196
137 196
137 196
138 196
138 196
138 196
139 196
139 196
139 196
137 197
137 197
137 197
138 197
138 197
138 197
139 197
139 197
139 197
136 198
136 198
136 198
137 198
137 198
137 198
138 198
138 198
138 198
139 198
139 198
139 198
136 199
136 199
136 199
137 199
137 199
137 199
138 199
138 199
138 199
139 199
139 199
139 199
136 200
136 200
136 200
137 200
137 200
137 200
138 200
138 200
138 200
139 200
139 200
139 200
136 201
136 201
136 201
137 201
137 201
137 201
138 201
138 201
138 201
139 201
139 201
139 201
136 202
136 202
136 202
137 202
137 202
137 202
138 202
138 202
138 202
139 202
139 202
139 202
136 203
136 203
136 203
137 203
137 203
137 203
138 203
138 203
138 203
139 203
139 203
139 203
136 204
136 204
136 204
137 204
137 204
137 204
138 204
138 204
138 204
139 204
139 204
139 204
136 205
136 205
136 205
137 205
137 205
137 205
138 205
138 205
138 205
136 206
136 206
136 206
137 206
137 206
137 206
138 206
138 206
138 206
136 207
136 207
136 207
137 207
137 207
137 207
138 207
138 207
138 207
136 208
136 208
136 208
137 208
137 208
137 208
138 208
138 208
138 208
136 209
136 209
136 209
137 209
137 209
137 209
138 209
138 209
138 209
135 210
135 210
135 210
136 210
136 210
136 210
137 210
137 210
137 210
138 210
138 210
138 210
135 211
135 211
135 211
136 211
136 211
136 211
137 211
137 211
137 211
138 211
138 211
138 211
135 212
135 212
135 212
136 212
136 212
136 212
137 212
137 212
137 212
138 212
138 212
138 212
135 213
135 213
135 213
136 213
136 213
136 213
137 213
137 213
137 213
138 213
138 213
138 213
135 214
135 214
135 214
136 214
136 214
136 214
137 214
137 214
137 214
138 214
138 214
138 214
135 215
135 215
135 215
136 215
136 215
136 215
137 215
137 215
137 215
134 216
134 216
134 216
135 216
135 216
135 216
136 216
136 216
136 216
134 217
134 217
134 217
135 217
135 217
135 217
136 217
136 217
136 217
134 218
134 218
134 218
135 218
135 218
135 218
136 218
136 218
136 218
137 218
137 218
137 218
134 219
134 219
134 219
135 219
135 219
135 219
136 219
136 219
136 219
137 219
137 219
137 219
134 220
134 220
134 220
135 220
135 220
135 220
136 220
136 220
136 220
137 220
137 220
137 220
134 221
134 221
134 221
135 221
135 221
135 221
136 221
136 221
136 221
137 221
137 221
137 221
134 222
134 222
134 222
135 222
135 222
135 222
136 222
136 222
136 222
134 223
134 223
134 223
135 223
135 223
135 223
136 223
136 223
136 223
133 224
133 224
133 224
134 224
134 224
134 224
135 224
135 224
135 224
136 224
136 224
136 224
133 225
133 225
133 225
134 225
134 225
134 225
135 225
135 225
135 225
136 225
136 225
136 225
133 226
133 226
133 226
134 226
134 226
134 226
135 226
135 226
135 226
136 226
136 226
136 226
133 227
133 227
133 227
134 227
134 227
134 227
135 227
135 227
135 227
136 227
136 227
136 227
133 228
133 228
133 228
134 228
134 228
134 228
135 228
135 228
135 228
136 228
136 228
136 228
133 229
133 229
133 229
134 229
134 229
134 229
135 229
135 229
135 229
132 230
132 230
132 230
133 230
133 230
133 230
134 230
134 230
134 230
135 230
135 230
135 230
132 231
132 231
132 231
133 231
133 231
133 231
134 231
134 231
134 231
135 231
135 231
135 231
132 232
132 232
132 232
133 232
133 232
133 232
134 232
134 232
134 232
135 232
135 232
135 232
132 233
132 233
132 233
133 233
133 233
133 233
134 233
134 233
134 233
135 233
135 233
135 233
132 234
132 234
132 234
133 234
133 234
133 234
134 234
134 234
134 234
135 234
135 234
135 234
132 235
132 235
132 235
133 235
133 235
133 235
134 235
134 235
134 235
135 235
135 235
135 235
132 236
132 236
132 236
133 236
133 236
133 236
134 236
134 236
134 236
132 237
132 237
132 237
133 237
133 237
133 237
134 237
134 237
134 237
131 238
131 238
131 238
132 238
132 238
132 238
133 238
133 238
133 238
134 238
134 238
134 238
131 239
131 239
131 239
132 239
132 239
132 239
133 239
133 239
133 239
134 239
134 239
134 239
131 240
131 240
131 240
132 240
132 240
132 240
133 240
133 240
133 240
134 240
134 240
134 240
131 241
131 241
131 241
132 241
132 241
132 241
133 241
133 241
133 241
134 241
134 241
134 241
131 242
131 242
131 242
132 242
132 242
132 242
133 242
133 242
133 242
134 242
134 242
134 242
131 243
131 243
131 243
132 243
132 243
132 243
133 243
133 243
133 243
134 243
134 243
134 243
131 244
131 244
131 244
132 244
132 244
132 244
133 244
133 244
133 244
131 245
131 245
131 245
132 245
132 245
132 245
133 245
133 245
133 245
130 246
130 246
130 246
131 246
131 246
131 246
132 246
132 246
132 246
133 246
133 246
133 246
130 247
130 247
130 247
131 247
131 247
131 247
132 247
132 247
132 247
133 247
133 247
133 247
130 248
130 248
130 248
131 248
131 248
131 248
132 248
132 248
132 248
133 248
133 248
133 248
130 249
130 249
130 249
131 249
131 249
131 249
132 249
132 249
132 249
133 249
133 249
133 249
130 250
130 250
130 250
131 250
131 250
131 250
132 250
132 250
132 250
133 250
133 250
133 250
129 251
129 251
129 251
130 251
130 251
130 251
131 251
131 251
131 251
132 251
132 251
132 251
129 252
129 252
129 252
130 252
130 252
130 252
131 252
131 252
131 252
132 252
132 252
132 252
129 253
129 253
129 253
130 253
130 253
130 253
131 253
131 253
131 253
132 253
132 253
132 253
129 254
129 254
129 254
130 254
130 254
130 254
131 254
131 254
131 254
132 254
132 254
132 254
129 255
129 255
129 255
130 255
130 255
130 255
131 255
131 255
131 255
132 255
132 255
132 255
129 256
129 256
129 256
130 256
130 256
130 256
131 256
131 256
131 256
132 256
132 256
132 256
129 257
129 257
129 257
130 257
130 257
130 257
131 257
131 257
131 257
128 258
128 258
128 258
129 258
129 258
129 258
130 258
130 258
130 258
131 258
131 258
131 258
128 259
128 259
128 259
129 259
129 259
129 259
130 259
130 259
130 259
131 259
131 259
131 259
128 260
128 260
128 260
129 260
129 260
129 260
130 260
130 260
130 260
131 260
131 260
131 260
128 261
128 261
128 261
129 261
129 261
129 261
130 261
130 261
130 261
131 261
131 261
131 261
128 262
128 262
128 262
129 262
129 262
129 262
130 262
130 262
130 262
131 262
131 262
131 262
128 263
128 263
128 263
129 263
129 263
129 263
130 263
130 263
130 263
128 264
128 264
128 264
129 264
129 264
129 264
130 264
130 264
130 264
127 265
127 265
127 265
128 265
128 265
128 265
129 265
129 265
129 265
130 265
130 265
130 265
127 266
127 266
127 266
128 266
128 266
128 266
129 266
129 266
129 266
130 266
130 266
130 266
127 267
127 267
127 267
128 267
128 267
128 267
129 267
129 267
129 267
130 267
130 267
130 267
127 268
127 268
127 268
128 268
128 268
128 268
129 268
129 268
129 268
130 268
130 268
130 268
127 269
127 269
127 269
128 269
128 269
128 269
129 269
129 269
129 269
130 269
130 269
130 269
127 270
127 270
127 270
128 270
128 270
128 270
129 270
129 270
129 270
130 270
130 270
130 270
126 271
126 271
126 271
127 271
127 271
127 271
128 271
128 271
128 271
129 271
129 271
129 271
126 272
126 272
126 272
127 272
127 272
127 272
128 272
128 272
128 272
129 272
129 272
129 272
126 273
126 273
126 273
127 273
127 273
127 273
128 273
128 273
128 273
129 273
129 273
129 273
126 274
126 274
126 274
127 274
127 274
127 274
128 274
128 274
128 274
129 274
129 274
129 274
126 275
126 275
126 275
127 275
127 275
127 275
128 275
128 275
128 275
129 275
129 275
129 275
126 276
126 276
126 276
127 276
127 276
127 276
128 276
128 276
128 276
126 277
126 277
126 277
127 277
127 277
127 277
128 277
128 277
128 277
126 278
126 278
126 278
127 278
127 278
127 278
128 278
128 278
128 278
125 279
125 279
125 279
126 279
126 279
126 279
127 279
127 279
127 279
128 279
128 279
128 279
125 280
125 280
125 280
126 280
126 280
126 280
127 280
127 280
127 280
128 280
128 280
128 280
125 281
125 281
125 281
126 281
126 281
126 281
127 281
127 281
127 281
128 281
128 281
128 281
125 282
125 282
125 282
126 282
126 282
126 282
127 282
127 282
127 282
128 282
128 282
128 282
125 283
125 283
125 283
126 283
126 283
126 283
127 283
127 283
127 283
128 283
128 283
128 283
125 284
125 284
125 284
126 284
126 284
126 284
127 284
127 284
127 284
128 284
128 284
128 284
125 285
125 285
125 285
126 285
126 285
126 285
127 285
127 285
127 285
128 285
128 285
128 285
124 286
124 286
124 286
125 286
125 286
125 286
126 286
126 286
126 286
127 286
127 286
127 286
124 287
124 287
124 287
125 287
125 287
125 287
126 287
126 287
126 287
127 287
127 287
127 287
124 288
124 288
124 288
125 288
125 288
125 288
126 288
126 288
126 288
127 288
127 288
127 288
124 289
124 289
124 289
125 289
125 289
125 289
126 289
126 289
126 289
127 289
127 289
127 289
124 290
124 290
124 290
125 290
125 290
125 290
126 290
126 290
126 290
123 291
123 291
123 291
124 291
124 291
124 291
125 291
125 291
125 291
126 291
126 291
126 291
123 292
123 292
123 292
124 292
124 292
124 292
125 292
125 292
125 292
126 292
126 292
126 292
123 293
123 293
123 293
124 293
124 293
124 293
125 293
125 293
125 293
126 293
126 293
126 293
123 294
123 294
123 294
124 294
124 294
124 294
125 294
125 294
125 294
126 294
126 294
126 294
123 295
123 295
123 295
124 295
124 295
124 295
125 295
125 295
125 295
126 295
126 295
126 295
122 296
122 296
122 296
123 296
123 296
123 296
124 296
124 296
124 296
125 296
125 296
125 296
122 297
122 297
122 297
123 297
123 297
123 297
124 297
124 297
124 297
125 297
125 297
125 297
122 298
122 298
122 298
123 298
123 298
123 298
124 298
124 298
124 298
125 298
125 298
125 298
122 299
122 299
122 299
123 299
123 299
123 299
124 299
124 299
124 299
125 299
125 299
125 299
122 300
122 300
122 300
123 300
123 300
123 300
124 300
124 300
124 300
125 300
125 300
125 300
122 301
122 301
122 301
123 301
123 301
123 301
124 301
124 301
124 301
121 302
121 302
121 302
122 302
122 302
122 302
123 302
123 302
123 302
124 302
124 302
124 302
121 303
121 303
121 303
122 303
122 303
122 303
123 303
123 303
123 303
124 303
124 303
124 303
121 304
121 304
121 304
122 304
122 304
122 304
123 304
123 304
123 304
124 304
124 304
124 304
121 305
121 305
121 305
122 305
122 305
122 305
123 305
123 305
123 305
124 305
124 305
124 305
121 306
121 306
121 306
122 306
122 306
122 306
123 306
123 306
123 306
124 306
124 306
124 306
120 307
120 307
120 307
121 307
121 307
121 307
122 307
122 307
122 307
123 307
123 307
123 307
124 307
124 307
124 307
120 308
120 308
120 308
121 308
121 308
121 308
122 308
122 308
122 308
123 308
123 308
123 308
120 309
120 309
120 309
121 309
121 309
121 309
122 309
122 309
122 309
123 309
123 309
123 309
120 310
120 310
120 310
121 310
121 310
121 310
122 310
122 310
122 310
123 310
123 310
123 310
120 311
120 311
120 311
121 311
121 311
121 311
122 311
122 311
122 311
123 311
123 311
123 311
120 312
120 312
120 312
121 312
121 312
121 312
122 312
122 312
122 312
123 312
123 312
123 312
120 313
120 313
120 313
121 313
121 313
121 313
122 313
122 313
122 313
119 314
119 314
119 314
120 314
120 314
120 314
121 314
121 314
121 314
122 314
122 314
122 314
119 315
119 315
119 315
120 315
120 315
120 315
121 315
121 315
121 315
122 315
122 315
122 315
119 316
119 316
119 316
120 316
120 316
120 316
121 316
121 316
121 316
122 316
122 316
122 316
119 317
119 317
119 317
120 317
120 317
120 317
121 317
121 317
121 317
122 317
122 317
122 317
119 318
119 318
119 318
120 318
120 318
120 318
121 318
121 318
121 318
122 318
122 318
122 318
119 319
119 319
119 319
120 319
120 319
120 319
121 319
121 319
121 319
122 319
122 319
122 319
118 320
118 320
118 320
119 320
119 320
119 320
120 320
120 320
120 320
121 320
121 320
121 320
118 321
118 321
118 321
119 321
119 321
119 321
120 321
120 321
120 321
121 321
121 321
121 321
118 322
118 322
118 322
119 322
119 322
119 322
120 322
120 322
120 322
121 322
121 322
121 322
118 323
118 323
118 323
119 323
119 323
119 323
120 323
120 323
120 323
121 323
121 323
121 323
118 324
118 324
118 324
119 324
119 324
119 324
120 324
120 324
120 324
121 324
121 324
121 324
117 325
117 325
117 325
118 325
118 325
118 325
119 325
119 325
119 325
120 325
120 325
120 325
121 325
121 325
121 325
117 326
117 326
117 326
118 326
118 326
118 326
119 326
119 326
119 326
120 326
120 326
120 326
117 327
117 327
117 327
118 327
118 327
118 327
119 327
119 327
119 327
117 328
117 328
117 328
118 328
118 328
118 328
119 328
119 328
119 328
116 329
116 329
116 329
117 329
117 329
117 329
118 329
118 329
118 329
119 329
119 329
119 329
116 330
116 330
116 330
117 330
117 330
117 330
118 330
118 330
118 330
119 330
119 330
119 330
116 331
116 331
116 331
117 331
117 331
117 331
118 331
118 331
118 331
119 331
119 331
119 331
116 332
116 332
116 332
117 332
117 332
117 332
118 332
118 332
118 332
119 332
119 332
119 332
116 333
116 333
116 333
117 333
117 333
117 333
118 333
118 333
118 333
119 333
119 333
119 333
116 334
116 334
116 334
117 334
117 334
117 334
118 334
118 334
118 334
119 334
119 334
119 334
115 335
115 335
115 335
116 335
116 335
116 335
117 335
117 335
117 335
118 335
118 335
118 335
115 336
115 336
115 336
116 336
116 336
116 336
117 336
117 336
117 336
118 336
118 336
118 336
115 337
115 337
115 337
116 337
116 337
116 337
117 337
117 337
117 337
118 337
118 337
118 337
115 338
115 338
115 338
116 338
116 338
116 338
117 338
117 338
117 338
118 338
118 338
118 338
115 339
115 339
115 339
116 339
116 339
116 339
117 339
117 339
117 339
118 339
118 339
118 339
115 340
115 340
115 340
116 340
116 340
116 340
117 340
117 340
117 340
118 340
118 340
118 340
115 341
115 341
115 341
116 341
116 341
116 341
117 341
117 341
117 341
118 341
118 341
118 341
114 342
114 342
114 342
115 342
115 342
115 342
116 342
116 342
116 342
117 342
117 342
117 342
118 342
118 342
118 342
114 343
114 343
114 343
115 343
115 343
115 343
116 343
116 343
116 343
117 343
117 343
117 343
118 343
118 343
118 343
114 344
114 344
114 344
115 344
115 344
115 344
116 344
116 344
116 344
117 344
117 344
117 344
113 345
113 345
113 345
114 345
114 345
114 345
115 345
115 345
115 345
116 345
116 345
116 345
113 346
113 346
113 346
114 346
114 346
114 346
115 346
115 346
115 346
116 346
116 346
116 346
113 347
113 347
113 347
114 347
114 347
114 347
115 347
115 347
115 347
116 347
116 347
116 347
113 348
113 348
113 348
114 348
114 348
114 348
115 348
115 348
115 348
116 348
116 348
116 348
113 349
113 349
113 349
114 349
114 349
114 349
115 349
115 349
115 349
116 349
116 349
116 349
113 350
113 350
113 350
114 350
114 350
114 350
115 350
115 350
115 350
112 351
112 351
112 351
113 351
113 351
113 351
114 351
114 351
114 351
115 351
115 351
115 351
112 352
112 352
112 352
113 352
113 352
113 352
114 352
114 352
114 352
115 352
115 352
115 352
112 353
112 353
112 353
113 353
113 353
113 353
114 353
114 353
114 353
115 353
115 353
115 353
112 354
112 354
112 354
113 354
113 354
113 354
114 354
114 354
114 354
115 354
115 354
115 354
112 355
112 355
112 355
113 355
113 355
113 355
114 355
114 355
114 355
115 355
115 355
115 355
111 356
111 356
111 356
112 356
112 356
112 356
113 356
113 356
113 356
114 356
114 356
114 356
111 357
111 357
111 357
112 357
112 357
112 357
113 357
113 357
113 357
114 357
114 357
114 357
111 358
111 358
111 358
112 358
112 358
112 358
113 358
113 358
113 358
114 358
114 358
114 358
111 359
111 359
111 359
112 359
112 359
112 359
113 359
113 359
113 359
114 359
114 359
114 359
111 360
111 360
111 360
112 360
112 360
112 360
113 360
113 360
113 360
114 360
114 360
114 360
111 361
111 361
111 361
112 361
112 361
112 361
113 361
113 361
113 361
114 361
114 361
114 361
110 362
110 362
110 362
111 362
111 362
111 362
112 362
112 362
112 362
113 362
113 362
113 362
110 363
110 363
110 363
111 363
111 363
111 363
112 363
112 363
112 363
113 363
113 363
113 363
110 364
110 364
110 364
111 364
111 364
111 364
112 364
112 364
112 364
113 364
113 364
113 364
110 365
110 365
110 365
111 365
111 365
111 365
112 365
112 365
112 365
113 365
113 365
113 365
110 366
110 366
110 366
111 366
111 366
111 366
112 366
112 366
112 366
113 366
113 366
113 366
109 367
109 367
109 367
110 367
110 367
110 367
111 367
111 367
111 367
112 367
112 367
112 367
109 368
109 368
109 368
110 368
110 368
110 368
111 368
111 368
111 368
112 368
112 368
112 368
109 369
109 369
109 369
110 369
110 369
110 369
111 369
111 369
111 369
109 370
109 370
109 370
110 370
110 370
110 370
111 370
111 370
111 370
109 371
109 371
109 371
110 371
110 371
110 371
111 371
111 371
111 371
108 372
108 372
108 372
109 372
109 372
109 372
110 372
110 372
110 372
111 372
111 372
111 372
108 373
108 373
108 373
109 373
109 373
109 373
110 373
110 373
110 373
111 373
111 373
111 373
108 374
108 374
108 374
109 374
109 374
109 374
110 374
110 374
110 374
111 374
111 374
111 374
108 375
108 375
108 375
109 375
109 375
109 375
110 375
110 375
110 375
111 375
111 375
111 375
108 376
108 376
108 376
109 376
109 376
109 376
110 376
110 376
110 376
111 376
111 376
111 376
107 377
107 377
107 377
108 377
108 377
108 377
109 377
109 377
109 377
110 377
110 377
110 377
107 378
107 378
107 378
108 378
108 378
108 378
109 378
109 378
109 378
110 378
110 378
110 378
107 379
107 379
107 379
108 379
108 379
108 379
109 379
109 379
109 379
110 379
110 379
110 379
107 380
107 380
107 380
108 380
108 380
108 380
109 380
109 380
109 380
110 380
110 380
110 380
106 381
106 381
106 381
107 381
107 381
107 381
108 381
108 381
108 381
109 381
109 381
109 381
110 381
110 381
110 381
106 382
106 382
106 382
107 382
107 382
107 382
108 382
108 382
108 382
109 382
109 382
109 382
110 382
110 382
110 382
106 383
106 383
106 383
107 383
107 383
107 383
108 383
108 383
108 383
109 383
109 383
109 383
110 383
110 383
110 383
106 384
106 384
106 384
107 384
107 384
107 384
108 384
108 384
108 384
109 384
109 384
109 384
105 385
105 385
105 385
106 385
106 385
106 385
107 385
107 385
107 385
108 385
108 385
108 385
109 385
109 385
109 385
105 386
105 386
105 386
106 386
106 386
106 386
107 386
107 386
107 386
108 386
108 386
108 386
104 387
104 387
104 387
105 387
105 387
105 387
106 387
106 387
106 387
107 387
107 387
107 387
104 388
104 388
104 388
105 388
105 388
105 388
106 388
106 388
106 388
107 388
107 388
107 388
104 389
104 389
104 389
105 389
105 389
105 389
106 389
106 389
106 389
107 389
107 389
107 389
104 390
104 390
104 390
105 390
105 390
105 390
106 390
106 390
106 390
107 390
107 390
107 390
104 391
104 391
104 391
105 391
105 391
105 391
106 391
106 391
106 391
107 391
107 391
107 391
104 392
104 392
104 392
105 392
105 392
105 392
106 392
106 392
106 392
107 392
107 392
107 392
104 393
104 393
104 393
105 393
105 393
105 393
106 393
106 393
106 393
107 393
107 393
107 393
108 393
108 393
108 393
104 394
104 394
104 394
105 394
105 394
105 394
106 394
106 394
106 394
107 394
107 394
107 394
108 394
108 394
108 394
103 395
103 395
103 395
104 395
104 395
104 395
105 395
105 395
105 395
106 395
106 395
106 395
107 395
107 395
107 395
103 396
103 396
103 396
104 396
104 396
104 396
105 396
105 396
105 396
106 396
106 396
106 396
102 397
102 397
102 397
103 397
103 397
103 397
104 397
104 397
104 397
105 397
105 397
105 397
102 398
102 398
102 398
103 398
103 398
103 398
104 398
104 398
104 398
105 398
105 398
105 398
102 399
102 399
102 399
103 399
103 399
103 399
104 399
104 399
104 399
105 399
105 399
105 399
102 400
102 400
102 400
103 400
103 400
103 400
104 400
104 400
104 400
105 400
105 400
105 400
101 401
101 401
101 401
102 401
102 401
102 401
103 401
103 401
103 401
104 401
104 401
104 401
105 401
105 401
105 401
101 402
101 402
101 402
102 402
102 402
102 402
103 402
103 402
103 402
104 402
104 402
104 402
101 403
101 403
101 403
102 403
102 403
102 403
103 403
103 403
103 403
104 403
104 403
104 403
101 404
101 404
101 404
102 404
102 404
102 404
103 404
103 404
103 404
104 404
104 404
104 404
101 405
101 405
101 405
102 405
102 405
102 405
103 405
103 405
103 405
104 405
104 405
104 405
101 406
101 406
101 406
102 406
102 406
102 406
103 406
103 406
103 406
104 406
104 406
104 406
100 407
100 407
100 407
101 407
101 407
101 407
102 407
102 407
102 407
103 407
103 407
103 407
104 407
104 407
104 407
100 408
100 408
100 408
101 408
101 408
101 408
102 408
102 408
102 408
103 408
103 408
103 408
99 409
99 409
99 409
100 409
100 409
100 409
101 409
101 409
101 409
102 409
102 409
102 409
99 410
99 410
99 410
100 410
100 410
100 410
101 410
101 410
101 410
102 410
102 410
102 410
98 411
98 411
98 411
99 411
99 411
99 411
100 411
100 411
100 411
101 411
101 411
101 411
102 411
102 411
102 411
98 412
98 412
98 412
99 412
99 412
99 412
100 412
100 412
100 412
101 412
101 412
101 412
102 412
102 412
102 412
99 413
99 413
99 413
100 413
100 413
100 413
101 413
101 413
101 413
102 413
102 413
102 413
99 414
99 414
99 414
100 414
100 414
100 414
101 414
101 414
101 414
98 415
98 415
98 415
99 415
99 415
99 415
100 415
100 415
100 415
98 416
98 416
98 416
99 416
99 416
99 416
100 416
100 416
100 416
98 417
98 417
98 417
99 417
99 417
99 417
100 417
100 417
100 417
98 418
98 418
98 418
99 418
99 418
99 418
100 418
100 418
100 418
97 419
97 419
97 419
98 419
98 419
98 419
99 419
99 419
99 419
97 420
97 420
97 420
98 420
98 420
98 420
99 420
99 420
99 420
97 421
97 421
97 421
98 421
98 421
98 421
99 421
99 421
99 421
97 422
97 422
97 422
98 422
98 422
98 422
97 423
97 423
97 423
98 423
98 423
98 423
96 424
96 424
96 424
97 424
97 424
97 424
96 425
96 425
96 425
97 425
97 425
97 425
96 426
96 426
96 426
97 426
97 426
97 426
95 427
95 427
95 427
96 427
96 427
96 427
97 427
97 427
97 427
94 428
94 428
94 428
95 428
95 428
95 428
96 428
96 428
96 428
94 429
94 429
94 429
95 429
95 429
95 429
96 429
96 429
96 429
