29 0
29 0
29 0
30 0
30 0
30 0
31 0
31 0
31 0
32 0
32 0
32 0
29 1
29 1
29 1
30 1
30 1
30 1
31 1
31 1
31 1
32 1
32 1
32 1
33 1
33 1
33 1
30 2
30 2
30 2
31 2
31 2
31 2
32 2
32 2
32 2
33 2
33 2
33 2
30 3
30 3
30 3
31 3
31 3
31 3
32 3
32 3
32 3
33 3
33 3
33 3
31 4
31 4
31 4
32 4
32 4
32 4
33 4
33 4
33 4
34 4
34 4
34 4
32 5
32 5
32 5
33 5
33 5
33 5
34 5
34 5
34 5
32 6
32 6
32 6
33 6
33 6
33 6
32 7
32 7
32 7
33 7
33 7
33 7
34 7
34 7
34 7
32 8
32 8
32 8
33 8
33 8
33 8
34 8
34 8
34 8
32 9
32 9
32 9
33 9
33 9
33 9
34 9
34 9
34 9
35 9
35 9
35 9
32 10
32 10
32 10
33 10
33 10
33 10
34 10
34 10
34 10
35 10
35 10
35 10
32 11
32 11
32 11
33 11
33 11
33 11
34 11
34 11
34 11
35 11
35 11
35 11
33 12
33 12
33 12
34 12
34 12
34 12
35 12
35 12
35 12
34 13
34 13
34 13
35 13
35 13
35 13
34 14
34 14
34 14
35 14
35 14
35 14
34 15
34 15
34 15
35 15
35 15
35 15
36 15
36 15
36 15
34 16
34 16
34 16
35 16
35 16
35 16
36 16
36 16
36 16
37 16
37 16
37 16
34 17
34 17
34 17
35 17
35 17
35 17
36 17
36 17
36 17
37 17
37 17
37 17
34 18
34 18
34 18
35 18
35 18
35 18
36 18
36 18
36 18
34 19
34 19
34 19
35 19
35 19
35 19
36 19
36 19
36 19
34 20
34 20
34 20
35 20
35 20
35 20
36 20
36 20
36 20
34 21
34 21
34 21
35 21
35 21
35 21
36 21
36 21
36 21
34 22
34 22
34 22
35 22
35 22
35 22
36 22
36 22
36 22
34 23
34 23
34 23
35 23
35 23
35 23
36 23
36 23
36 23
35 24
35 24
35 24
36 24
36 24
36 24
36 25
36 25
36 25
37 25
37 25
37 25
38 25
38 25
38 25
36 26
36 26
36 26
37 26
37 26
37 26
38 26
38 26
38 26
39 26
39 26
39 26
36 27
36 27
36 27
37 27
37 27
37 27
38 27
38 27
38 27
39 27
39 27
39 27
36 28
36 28
36 28
37 28
37 28
37 28
38 28
38 28
38 28
39 28
39 28
39 28
36 29
36 29
36 29
37 29
37 29
37 29
38 29
38 29
38 29
39 29
39 29
39 29
36 30
36 30
36 30
37 30
37 30
37 30
38 30
38 30
38 30
39 30
39 30
39 30
36 31
36 31
36 31
37 31
37 31
37 31
38 31
38 31
38 31
39 31
39 31
39 31
36 32
36 32
36 32
37 32
37 32
37 32
38 32
38 32
38 32
36 33
36 33
36 33
37 33
37 33
37 33
37 34
37 34
37 34
38 34
38 34
38 34
37 35
37 35
37 35
38 35
38 35
38 35
37 36
37 36
37 36
38 36
38 36
38 36
39 36
39 36
39 36
40 36
40 36
40 36
37 37
37 37
37 37
38 37
38 37
38 37
39 37
39 37
39 37
40 37
40 37
40 37
37 38
37 38
37 38
38 38
38 38
38 38
39 38
39 38
39 38
40 38
40 38
40 38
36 39
36 39
36 39
37 39
37 39
37 39
38 39
38 39
38 39
39 39
39 39
39 39
40 39
40 39
40 39
37 40
37 40
37 40
38 40
38 40
38 40
39 40
39 40
39 40
40 40
40 40
40 40
37 41
37 41
37 41
38 41
38 41
38 41
39 41
39 41
39 41
40 41
40 41
40 41
38 42
38 42
38 42
39 42
39 42
39 42
40 42
40 42
40 42
41 42
41 42
41 42
38 43
38 43
38 43
39 43
39 43
39 43
40 43
40 43
40 43
41 43
41 43
41 43
38 44
38 44
38 44
39 44
39 44
39 44
40 44
40 44
40 44
41 44
41 44
41 44
38 45
38 45
38 45
39 45
39 45
39 45
40 45
40 45
40 45
41 45
41 45
41 45
39 46
39 46
39 46
40 46
40 46
40 46
41 46
41 46
41 46
39 47
39 47
39 47
40 47
40 47
40 47
39 48
39 48
39 48
40 48
40 48
40 48
43 48
43 48
43 48
40 49
40 49
40 49
43 49
43 49
43 49
40 50
40 50
40 50
41 50
41 50
41 50
42 50
42 50
42 50
43 50
43 50
43 50
40 51
40 51
40 51
41 51
41 51
41 51
42 51
42 51
42 51
43 51
43 51
43 51
40 52
40 52
40 52
41 52
41 52
41 52
42 52
42 52
42 52
40 53
40 53
40 53
41 53
41 53
41 53
42 53
42 53
42 53
40 54
40 54
40 54
41 54
41 54
41 54
42 54
42 54
42 54
40 55
40 55
40 55
41 55
41 55
41 55
42 55
42 55
42 55
40 56
40 56
40 56
41 56
41 56
41 56
42 56
42 56
42 56
41 57
41 57
41 57
42 57
42 57
42 57
41 58
41 58
41 58
42 58
42 58
42 58
41 59
41 59
41 59
42 59
42 59
42 59
43 59
43 59
43 59
41 60
41 60
41 60
42 60
42 60
42 60
43 60
43 60
43 60
44 60
44 60
44 60
41 61
41 61
41 61
42 61
42 61
42 61
43 61
43 61
43 61
44 61
44 61
44 61
42 62
42 62
42 62
43 62
43 62
43 62
44 62
44 62
44 62
42 63
42 63
42 63
43 63
43 63
43 63
44 63
44 63
44 63
42 64
42 64
42 64
43 64
43 64
43 64
42 65
42 65
42 65
43 65
43 65
43 65
42 66
42 66
42 66
43 66
43 66
43 66
41 67
41 67
41 67
42 67
42 67
42 67
43 67
43 67
43 67
41 68
41 68
41 68
42 68
42 68
42 68
43 68
43 68
43 68
44 68
44 68
44 68
42 69
42 69
42 69
43 69
43 69
43 69
44 69
44 69
44 69
45 69
45 69
45 69
43 70
43 70
43 70
44 70
44 70
44 70
45 70
45 70
45 70
43 71
43 71
43 71
44 71
44 71
44 71
45 71
45 71
45 71
43 72
43 72
43 72
44 72
44 72
44 72
45 72
45 72
45 72
43 73
43 73
43 73
44 73
44 73
44 73
45 73
45 73
45 73
43 74
43 74
43 74
44 74
44 74
44 74
45 74
45 74
45 74
44 75
44 75
44 75
45 75
45 75
45 75
44 76
44 76
44 76
45 76
45 76
45 76
44 77
44 77
44 77
45 77
45 77
45 77
46 77
46 77
46 77
44 78
44 78
44 78
45 78
45 78
45 78
46 78
46 78
46 78
44 79
44 79
44 79
45 79
45 79
45 79
46 79
46 79
46 79
44 80
44 80
44 80
45 80
45 80
45 80
46 80
46 80
46 80
44 81
44 81
44 81
45 81
45 81
45 81
46 81
46 81
46 81
47 81
47 81
47 81
44 82
44 82
44 82
45 82
45 82
45 82
46 82
46 82
46 82
47 82
47 82
47 82
44 83
44 83
44 83
45 83
45 83
45 83
46 83
46 83
46 83
47 83
47 83
47 83
45 84
45 84
45 84
46 84
46 84
46 84
47 84
47 84
47 84
45 85
45 85
45 85
46 85
46 85
46 85
45 86
45 86
45 86
46 86
46 86
46 86
45 87
45 87
45 87
46 87
46 87
46 87
45 88
45 88
45 88
46 88
46 88
46 88
47 88
47 88
47 88
46 89
46 89
46 89
47 89
47 89
47 89
48 89
48 89
48 89
46 90
46 90
46 90
47 90
47 90
47 90
48 90
48 90
48 90
46 91
46 91
46 91
47 91
47 91
47 91
48 91
48 91
48 91
49 91
49 91
49 91
46 92
46 92
46 92
47 92
47 92
47 92
48 92
48 92
48 92
46 93
46 93
46 93
47 93
47 93
47 93
48 93
48 93
48 93
47 94
47 94
47 94
47 95
47 95
47 95
48 95
48 95
48 95
47 96
47 96
47 96
48 96
48 96
48 96
47 97
47 97
47 97
48 97
48 97
48 97
49 97
49 97
49 97
46 98
46 98
46 98
47 98
47 98
47 98
48 98
48 98
48 98
49 98
49 98
49 98
46 99
46 99
46 99
47 99
47 99
47 99
48 99
48 99
48 99
49 99
49 99
49 99
46 100
46 100
46 100
47 100
47 100
47 100
48 100
48 100
48 100
49 100
49 100
49 100
47 101
47 101
47 101
48 101
48 101
48 101
49 101
49 101
49 101
48 102
48 102
48 102
49 102
49 102
49 102
50 102
50 102
50 102
48 103
48 103
48 103
49 103
49 103
49 103
50 103
50 103
50 103
48 104
48 104
48 104
49 104
49 104
49 104
50 104
50 104
50 104
47 105
47 105
47 105
48 105
48 105
48 105
49 105
49 105
49 105
50 105
50 105
50 105
48 106
48 106
48 106
49 106
49 106
49 106
48 107
48 107
48 107
49 107
49 107
49 107
50 107
50 107
50 107
49 108
49 108
49 108
50 108
50 108
50 108
51 108
51 108
51 108
49 109
49 109
49 109
50 109
50 109
50 109
51 109
51 109
51 109
52 109
52 109
52 109
49 110
49 110
49 110
50 110
50 110
50 110
51 110
51 110
51 110
52 110
52 110
52 110
49 111
49 111
49 111
50 111
50 111
50 111
51 111
51 111
51 111
52 111
52 111
52 111
49 112
49 112
49 112
50 112
50 112
50 112
51 112
51 112
51 112
49 113
49 113
49 113
50 113
50 113
50 113
49 114
49 114
49 114
50 114
50 114
50 114
50 115
50 115
50 115
50 116
50 116
50 116
51 116
51 116
51 116
53 116
53 116
53 116
50 117
50 117
50 117
51 117
51 117
51 117
52 117
52 117
52 117
53 117
53 117
53 117
50 118
50 118
50 118
51 118
51 118
51 118
52 118
52 118
52 118
50 119
50 119
50 119
51 119
51 119
51 119
52 119
52 119
52 119
50 120
50 120
50 120
51 120
51 120
51 120
52 120
52 120
52 120
50 121
50 121
50 121
51 121
51 121
51 121
52 121
52 121
52 121
50 122
50 122
50 122
51 122
51 122
51 122
52 122
52 122
52 122
53 122
53 122
53 122
50 123
50 123
50 123
51 123
51 123
51 123
52 123
52 123
52 123
53 123
53 123
53 123
50 124
50 124
50 124
51 124
51 124
51 124
52 124
52 124
52 124
53 124
53 124
53 124
50 125
50 125
50 125
51 125
51 125
51 125
52 125
52 125
52 125
53 125
53 125
53 125
51 126
51 126
51 126
52 126
52 126
52 126
51 127
51 127
51 127
52 127
52 127
52 127
52 128
52 128
52 128
53 128
53 128
53 128
52 129
52 129
52 129
53 129
53 129
53 129
51 130
51 130
51 130
52 130
52 130
52 130
55 130
55 130
55 130
52 131
52 131
52 131
53 131
53 131
53 131
54 131
54 131
54 131
52 132
52 132
52 132
53 132
53 132
53 132
54 132
54 132
54 132
52 133
52 133
52 133
53 133
53 133
53 133
54 133
54 133
54 133
52 134
52 134
52 134
53 134
53 134
53 134
54 134
54 134
54 134
52 135
52 135
52 135
53 135
53 135
53 135
52 136
52 136
52 136
53 136
53 136
53 136
52 137
52 137
52 137
53 137
53 137
53 137
54 137
54 137
54 137
52 138
52 138
52 138
53 138
53 138
53 138
54 138
54 138
54 138
53 139
53 139
53 139
54 139
54 139
54 139
53 140
53 140
53 140
54 140
54 140
54 140
53 141
53 141
53 141
54 141
54 141
54 141
53 142
53 142
53 142
54 142
54 142
54 142
53 143
53 143
53 143
54 143
54 143
54 143
53 144
53 144
53 144
54 144
54 144
54 144
53 145
53 145
53 145
54 145
54 145
54 145
53 146
53 146
53 146
54 146
54 146
54 146
55 146
55 146
55 146
53 147
53 147
53 147
54 147
54 147
54 147
55 147
55 147
55 147
53 148
53 148
53 148
54 148
54 148
54 148
55 148
55 148
55 148
54 149
54 149
54 149
55 149
55 149
55 149
54 150
54 150
54 150
55 150
55 150
55 150
54 151
54 151
54 151
55 151
55 151
55 151
54 152
54 152
54 152
55 152
55 152
55 152
54 153
54 153
54 153
55 153
55 153
55 153
56 153
56 153
56 153
54 154
54 154
54 154
55 154
55 154
55 154
56 154
56 154
56 154
54 155
54 155
54 155
55 155
55 155
55 155
56 155
56 155
56 155
55 156
55 156
55 156
56 156
56 156
56 156
55 157
55 157
55 157
56 157
56 157
56 157
55 158
55 158
55 158
56 158
56 158
56 158
55 159
55 159
55 159
56 159
56 159
56 159
57 159
57 159
57 159
55 160
55 160
55 160
56 160
56 160
56 160
57 160
57 160
57 160
55 161
55 161
55 161
56 161
56 161
56 161
55 162
55 162
55 162
56 162
56 162
56 162
55 163
55 163
55 163
56 163
56 163
56 163
56 164
56 164
56 164
55 165
55 165
55 165
56 165
56 165
56 165
57 165
57 165
57 165
55 166
55 166
55 166
56 166
56 166
56 166
57 166
57 166
57 166
58 166
58 166
58 166
55 167
55 167
55 167
56 167
56 167
56 167
57 167
57 167
57 167
58 167
58 167
58 167
56 168
56 168
56 168
57 168
57 168
57 168
58 168
58 168
58 168
56 169
56 169
56 169
57 169
57 169
57 169
56 170
56 170
56 170
57 170
57 170
57 170
56 171
56 171
56 171
57 171
57 171
57 171
57 172
57 172
57 172
57 173
57 173
57 173
58 173
58 173
58 173
57 174
57 174
57 174
58 174
58 174
58 174
59 174
59 174
59 174
57 175
57 175
57 175
58 175
58 175
58 175
59 175
59 175
59 175
57 176
57 176
57 176
58 176
58 176
58 176
56 177
56 177
56 177
57 177
57 177
57 177
58 177
58 177
58 177
56 178
56 178
56 178
57 178
57 178
57 178
58 178
58 178
58 178
59 178
59 178
59 178
57 179
57 179
57 179
58 179
58 179
58 179
59 179
59 179
59 179
57 180
57 180
57 180
58 180
58 180
58 180
59 180
59 180
59 180
57 181
57 181
57 181
58 181
58 181
58 181
59 181
59 181
59 181
57 182
57 182
57 182
58 182
58 182
58 182
59 182
59 182
59 182
58 183
58 183
58 183
59 183
59 183
59 183
58 184
58 184
58 184
59 184
59 184
59 184
58 185
58 185
58 185
59 185
59 185
59 185
58 186
58 186
58 186
59 186
59 186
59 186
58 187
58 187
58 187
59 187
59 187
59 187
58 188
58 188
58 188
59 188
59 188
59 188
58 189
58 189
58 189
59 189
59 189
59 189
58 190
58 190
58 190
59 190
59 190
59 190
58 191
58 191
58 191
59 191
59 191
59 191
58 192
58 192
58 192
59 192
59 192
59 192
58 193
58 193
58 193
59 193
59 193
59 193
59 194
59 194
59 194
60 194
60 194
60 194
59 195
59 195
59 195
60 195
60 195
60 195
59 196
59 196
59 196
60 196
60 196
60 196
59 197
59 197
59 197
60 197
60 197
60 197
59 198
59 198
59 198
60 198
60 198
60 198
59 199
59 199
59 199
60 199
60 199
60 199
59 200
59 200
59 200
60 200
60 200
60 200
59 201
59 201
59 201
60 201
60 201
60 201
59 202
59 202
59 202
60 202
60 202
60 202
61 202
61 202
61 202
60 203
60 203
60 203
61 203
61 203
61 203
60 204
60 204
60 204
61 204
61 204
61 204
60 205
60 205
60 205
61 205
61 205
61 205
59 206
59 206
59 206
60 206
60 206
60 206
61 206
61 206
61 206
60 207
60 207
60 207
61 207
61 207
61 207
60 208
60 208
60 208
61 208
61 208
61 208
60 209
60 209
60 209
61 209
61 209
61 209
60 210
60 210
60 210
61 210
61 210
61 210
59 211
59 211
59 211
60 211
60 211
60 211
61 211
61 211
61 211
62 211
62 211
62 211
59 212
59 212
59 212
60 212
60 212
60 212
61 212
61 212
61 212
62 212
62 212
62 212
59 213
59 213
59 213
60 213
60 213
60 213
61 213
61 213
61 213
62 213
62 213
62 213
59 214
59 214
59 214
60 214
60 214
60 214
61 214
61 214
61 214
62 214
62 214
62 214
59 215
59 215
59 215
60 215
60 215
60 215
61 215
61 215
61 215
62 215
62 215
62 215
59 216
59 216
59 216
60 216
60 216
60 216
61 216
61 216
61 216
62 216
62 216
62 216
60 217
60 217
60 217
61 217
61 217
61 217
62 217
62 217
62 217
60 218
60 218
60 218
61 218
61 218
61 218
62 218
62 218
62 218
60 219
60 219
60 219
61 219
61 219
61 219
62 219
62 219
62 219
60 220
60 220
60 220
61 220
61 220
61 220
62 220
62 220
62 220
63 220
63 220
63 220
61 221
61 221
61 221
62 221
62 221
62 221
63 221
63 221
63 221
61 222
61 222
61 222
62 222
62 222
62 222
61 223
61 223
61 223
62 223
62 223
62 223
61 224
61 224
61 224
62 224
62 224
62 224
62 225
62 225
62 225
62 226
62 226
62 226
62 227
62 227
62 227
62 228
62 228
62 228
63 228
63 228
63 228
62 229
62 229
62 229
63 229
63 229
63 229
62 230
62 230
62 230
63 230
63 230
63 230
62 231
62 231
62 231
63 231
63 231
63 231
62 232
62 232
62 232
63 232
63 232
63 232
62 233
62 233
62 233
63 233
63 233
63 233
62 234
62 234
62 234
63 234
63 234
63 234
62 235
62 235
62 235
63 235
63 235
63 235
62 236
62 236
62 236
63 236
63 236
63 236
62 237
62 237
62 237
63 237
63 237
63 237
62 238
62 238
62 238
63 238
63 238
63 238
63 239
63 239
63 239
63 240
63 240
63 240
63 241
63 241
63 241
63 242
63 242
63 242
64 242
64 242
64 242
63 243
63 243
63 243
64 243
64 243
64 243
63 244
63 244
63 244
64 244
64 244
64 244
63 245
63 245
63 245
64 245
64 245
64 245
63 246
63 246
63 246
64 246
64 246
64 246
63 247
63 247
63 247
64 247
64 247
64 247
63 248
63 248
63 248
64 248
64 248
64 248
62 249
62 249
62 249
63 249
63 249
63 249
64 249
64 249
64 249
62 250
62 250
62 250
63 250
63 250
63 250
64 250
64 250
64 250
62 251
62 251
62 251
63 251
63 251
63 251
64 251
64 251
64 251
63 252
63 252
63 252
64 252
64 252
64 252
63 253
63 253
63 253
64 253
64 253
64 253
65 253
65 253
65 253
63 254
63 254
63 254
64 254
64 254
64 254
65 254
65 254
65 254
64 255
64 255
64 255
65 255
65 255
65 255
64 256
64 256
64 256
65 256
65 256
65 256
64 257
64 257
64 257
65 257
65 257
65 257
64 258
64 258
64 258
65 258
65 258
65 258
64 259
64 259
64 259
65 259
65 259
65 259
64 260
64 260
64 260
65 260
65 260
65 260
64 261
64 261
64 261
65 261
65 261
65 261
64 262
64 262
64 262
65 262
65 262
65 262
64 263
64 263
64 263
65 263
65 263
65 263
64 264
64 264
64 264
65 264
65 264
65 264
63 265
63 265
63 265
64 265
64 265
64 265
65 265
65 265
65 265
63 266
63 266
63 266
64 266
64 266
64 266
65 266
65 266
65 266
63 267
63 267
63 267
64 267
64 267
64 267
65 267
65 267
65 267
64 268
64 268
64 268
65 268
65 268
65 268
64 269
64 269
64 269
65 269
65 269
65 269
65 270
65 270
65 270
65 271
65 271
65 271
65 272
65 272
65 272
66 272
66 272
66 272
65 273
65 273
65 273
66 273
66 273
66 273
65 274
65 274
65 274
66 274
66 274
66 274
67 274
67 274
67 274
65 275
65 275
65 275
66 275
66 275
66 275
67 275
67 275
67 275
65 276
65 276
65 276
66 276
66 276
66 276
65 277
65 277
65 277
66 277
66 277
66 277
65 278
65 278
65 278
65 279
65 279
65 279
65 280
65 280
65 280
65 281
65 281
65 281
63 282
63 282
63 282
64 282
64 282
64 282
65 282
65 282
65 282
66 282
66 282
66 282
63 283
63 283
63 283
64 283
64 283
64 283
65 283
65 283
65 283
66 283
66 283
66 283
64 284
64 284
64 284
65 284
65 284
65 284
66 284
66 284
66 284
67 284
67 284
67 284
65 285
65 285
65 285
66 285
66 285
66 285
67 285
67 285
67 285
65 286
65 286
65 286
66 286
66 286
66 286
67 286
67 286
67 286
65 287
65 287
65 287
66 287
66 287
66 287
65 288
65 288
65 288
66 288
66 288
66 288
65 289
65 289
65 289
66 289
66 289
66 289
67 289
67 289
67 289
65 290
65 290
65 290
66 290
66 290
66 290
67 290
67 290
67 290
66 291
66 291
66 291
67 291
67 291
67 291
66 292
66 292
66 292
67 292
67 292
67 292
66 293
66 293
66 293
67 293
67 293
67 293
66 294
66 294
66 294
67 294
67 294
67 294
68 294
68 294
68 294
66 295
66 295
66 295
67 295
67 295
67 295
68 295
68 295
68 295
66 296
66 296
66 296
67 296
67 296
67 296
65 297
65 297
65 297
66 297
66 297
66 297
67 297
67 297
67 297
66 298
66 298
66 298
67 298
67 298
67 298
66 299
66 299
66 299
67 299
67 299
67 299
66 300
66 300
66 300
67 300
67 300
67 300
66 301
66 301
66 301
67 301
67 301
67 301
66 302
66 302
66 302
67 302
67 302
67 302
66 303
66 303
66 303
67 303
67 303
67 303
65 304
65 304
65 304
66 304
66 304
66 304
67 304
67 304
67 304
65 305
65 305
65 305
66 305
66 305
66 305
67 305
67 305
67 305
65 306
65 306
65 306
66 306
66 306
66 306
67 306
67 306
67 306
65 307
65 307
65 307
66 307
66 307
66 307
67 307
67 307
67 307
65 308
65 308
65 308
66 308
66 308
66 308
67 308
67 308
67 308
66 309
66 309
66 309
67 309
67 309
67 309
66 310
66 310
66 310
67 310
67 310
67 310
66 311
66 311
66 311
67 311
67 311
67 311
67 312
67 312
67 312
67 313
67 313
67 313
67 314
67 314
67 314
66 315
66 315
66 315
67 315
67 315
67 315
66 316
66 316
66 316
67 316
67 316
67 316
66 317
66 317
66 317
67 317
67 317
67 317
68 317
68 317
68 317
66 318
66 318
66 318
67 318
67 318
67 318
68 318
68 318
68 318
66 319
66 319
66 319
67 319
67 319
67 319
68 319
68 319
68 319
67 320
67 320
67 320
68 320
68 320
68 320
67 321
67 321
67 321
68 321
68 321
68 321
67 322
67 322
67 322
68 322
68 322
68 322
69 322
69 322
69 322
67 323
67 323
67 323
68 323
68 323
68 323
69 323
69 323
69 323
70 323
70 323
70 323
67 324
67 324
67 324
68 324
68 324
68 324
69 324
69 324
69 324
70 324
70 324
70 324
67 325
67 325
67 325
68 325
68 325
68 325
69 325
69 325
69 325
67 326
67 326
67 326
68 326
68 326
68 326
69 326
69 326
69 326
67 327
67 327
67 327
68 327
68 327
68 327
67 328
67 328
67 328
68 328
68 328
68 328
68 329
68 329
68 329
67 330
67 330
67 330
68 330
68 330
68 330
66 331
66 331
66 331
67 331
67 331
67 331
68 331
68 331
68 331
67 332
67 332
67 332
68 332
68 332
68 332
67 333
67 333
67 333
68 333
68 333
68 333
69 333
69 333
69 333
67 334
67 334
67 334
68 334
68 334
68 334
69 334
69 334
69 334
66 335
66 335
66 335
67 335
67 335
67 335
68 335
68 335
68 335
69 335
69 335
69 335
68 336
68 336
68 336
69 336
69 336
69 336
69 337
69 337
69 337
70 337
70 337
70 337
69 338
69 338
69 338
70 338
70 338
70 338
69 339
69 339
69 339
70 339
70 339
70 339
67 340
67 340
67 340
68 340
68 340
68 340
69 340
69 340
69 340
70 340
70 340
70 340
67 341
67 341
67 341
68 341
68 341
68 341
70 341
70 341
70 341
67 342
67 342
67 342
68 342
68 342
68 342
67 343
67 343
67 343
68 343
68 343
68 343
67 344
67 344
67 344
68 344
68 344
68 344
67 345
67 345
67 345
68 345
68 345
68 345
67 346
67 346
67 346
68 346
68 346
68 346
67 347
67 347
67 347
68 347
68 347
68 347
67 348
67 348
67 348
68 348
68 348
68 348
67 349
67 349
67 349
68 349
68 349
68 349
67 350
67 350
67 350
68 350
68 350
68 350
67 351
67 351
67 351
68 351
68 351
68 351
67 352
67 352
67 352
68 352
68 352
68 352
67 353
67 353
67 353
68 353
68 353
68 353
67 354
67 354
67 354
68 354
68 354
68 354
66 355
66 355
66 355
67 355
67 355
67 355
68 355
68 355
68 355
66 356
66 356
66 356
67 356
67 356
67 356
68 356
68 356
68 356
66 357
66 357
66 357
67 357
67 357
67 357
68 357
68 357
68 357
69 357
69 357
69 357
66 358
66 358
66 358
67 358
67 358
67 358
68 358
68 358
68 358
69 358
69 358
69 358
70 358
70 358
70 358
71 358
71 358
71 358
68 359
68 359
68 359
69 359
69 359
69 359
70 359
70 359
70 359
71 359
71 359
71 359
68 360
68 360
68 360
69 360
69 360
69 360
70 360
70 360
70 360
71 360
71 360
71 360
68 361
68 361
68 361
69 361
69 361
69 361
70 361
70 361
70 361
68 362
68 362
68 362
69 362
69 362
69 362
70 362
70 362
70 362
67 363
67 363
67 363
68 363
68 363
68 363
69 363
69 363
69 363
67 364
67 364
67 364
69 364
69 364
69 364
69 365
69 365
69 365
68 366
68 366
68 366
69 366
69 366
69 366
69 367
69 367
69 367
69 368
69 368
69 368
68 369
68 369
68 369
69 369
69 369
69 369
70 369
70 369
70 369
68 370
68 370
68 370
69 370
69 370
69 370
70 370
70 370
70 370
67 371
67 371
67 371
68 371
68 371
68 371
69 371
69 371
69 371
70 371
70 371
70 371
69 372
69 372
69 372
70 372
70 372
70 372
69 373
69 373
69 373
70 373
70 373
70 373
69 374
69 374
69 374
70 374
70 374
70 374
69 375
69 375
69 375
70 375
70 375
70 375
68 376
68 376
68 376
69 376
69 376
69 376
70 376
70 376
70 376
68 377
68 377
68 377
69 377
69 377
69 377
70 377
70 377
70 377
68 378
68 378
68 378
69 378
69 378
69 378
70 378
70 378
70 378
68 379
68 379
68 379
69 379
69 379
69 379
70 379
70 379
70 379
65 380
65 380
65 380
68 380
68 380
68 380
69 380
69 380
69 380
70 380
70 380
70 380
65 381
65 381
65 381
68 381
68 381
68 381
69 381
69 381
69 381
70 381
70 381
70 381
