49 0
49 0
49 0
50 0
50 0
50 0
51 0
51 0
51 0
52 0
52 0
52 0
53 0
53 0
53 0
54 0
54 0
54 0
55 0
55 0
55 0
56 0
56 0
56 0
49 1
49 1
49 1
50 1
50 1
50 1
51 1
51 1
51 1
52 1
52 1
52 1
53 1
53 1
53 1
49 2
49 2
49 2
50 2
50 2
50 2
51 2
51 2
51 2
52 2
52 2
52 2
50 3
50 3
50 3
51 3
51 3
51 3
52 3
52 3
52 3
53 3
53 3
53 3
56 3
56 3
56 3
50 4
50 4
50 4
51 4
51 4
51 4
52 4
52 4
52 4
53 4
53 4
53 4
56 4
56 4
56 4
52 5
52 5
52 5
53 5
53 5
53 5
54 5
54 5
54 5
55 5
55 5
55 5
56 5
56 5
56 5
50 6
50 6
50 6
52 6
52 6
52 6
53 6
53 6
53 6
54 6
54 6
54 6
55 6
55 6
55 6
50 7
50 7
50 7
51 7
51 7
51 7
52 7
52 7
52 7
53 7
53 7
53 7
54 7
54 7
54 7
51 8
51 8
51 8
52 8
52 8
52 8
53 8
53 8
53 8
54 8
54 8
54 8
51 9
51 9
51 9
52 9
52 9
52 9
53 9
53 9
53 9
54 9
54 9
54 9
53 10
53 10
53 10
54 10
54 10
54 10
56 10
56 10
56 10
57 10
57 10
57 10
53 11
53 11
53 11
54 11
54 11
54 11
55 11
55 11
55 11
56 11
56 11
56 11
57 11
57 11
57 11
54 12
54 12
54 12
55 12
55 12
55 12
56 12
56 12
56 12
57 12
57 12
57 12
54 13
54 13
54 13
55 13
55 13
55 13
56 13
56 13
56 13
53 14
53 14
53 14
54 14
54 14
54 14
55 14
55 14
55 14
53 15
53 15
53 15
54 15
54 15
54 15
55 15
55 15
55 15
54 16
54 16
54 16
55 16
55 16
55 16
56 16
56 16
56 16
57 16
57 16
57 16
58 16
58 16
58 16
55 17
55 17
55 17
56 17
56 17
56 17
57 17
57 17
57 17
58 17
58 17
58 17
56 18
56 18
56 18
57 18
57 18
57 18
58 18
58 18
58 18
55 19
55 19
55 19
56 19
56 19
56 19
57 19
57 19
57 19
54 20
54 20
54 20
55 20
55 20
55 20
56 20
56 20
56 20
54 21
54 21
54 21
55 21
55 21
55 21
56 21
56 21
56 21
55 22
55 22
55 22
56 22
56 22
56 22
55 23
55 23
55 23
56 23
56 23
56 23
57 23
57 23
57 23
58 23
58 23
58 23
59 23
59 23
59 23
55 24
55 24
55 24
56 24
56 24
56 24
57 24
57 24
57 24
58 24
58 24
58 24
59 24
59 24
59 24
53 25
53 25
53 25
54 25
54 25
54 25
55 25
55 25
55 25
56 25
56 25
56 25
57 25
57 25
57 25
58 25
58 25
58 25
59 25
59 25
59 25
53 26
53 26
53 26
54 26
54 26
54 26
55 26
55 26
55 26
56 26
56 26
56 26
57 26
57 26
57 26
58 26
58 26
58 26
54 27
54 27
54 27
55 27
55 27
55 27
56 27
56 27
56 27
57 27
57 27
57 27
61 27
61 27
61 27
55 28
55 28
55 28
56 28
56 28
56 28
57 28
57 28
57 28
58 28
58 28
58 28
59 28
59 28
59 28
60 28
60 28
60 28
61 28
61 28
61 28
56 29
56 29
56 29
57 29
57 29
57 29
58 29
58 29
58 29
59 29
59 29
59 29
60 29
60 29
60 29
56 30
56 30
56 30
57 30
57 30
57 30
58 30
58 30
58 30
59 30
59 30
59 30
54 31
54 31
54 31
55 31
55 31
55 31
56 31
56 31
56 31
57 31
57 31
57 31
58 31
58 31
58 31
54 32
54 32
54 32
55 32
55 32
55 32
56 32
56 32
56 32
57 32
57 32
57 32
58 32
58 32
58 32
54 33
54 33
54 33
55 33
55 33
55 33
56 33
56 33
56 33
57 33
57 33
57 33
58 33
58 33
58 33
57 34
57 34
57 34
58 34
58 34
58 34
59 34
59 34
59 34
57 35
57 35
57 35
58 35
58 35
58 35
59 35
59 35
59 35
60 35
60 35
60 35
61 35
61 35
61 35
62 35
62 35
62 35
58 36
58 36
58 36
59 36
59 36
59 36
60 36
60 36
60 36
61 36
61 36
61 36
56 37
56 37
56 37
57 37
57 37
57 37
58 37
58 37
58 37
59 37
59 37
59 37
60 37
60 37
60 37
57 38
57 38
57 38
58 38
58 38
58 38
59 38
59 38
59 38
58 39
58 39
58 39
59 39
59 39
59 39
63 39
63 39
63 39
58 40
58 40
58 40
59 40
59 40
59 40
60 40
60 40
60 40
61 40
61 40
61 40
62 40
62 40
62 40
63 40
63 40
63 40
64 40
64 40
64 40
58 41
58 41
58 41
59 41
59 41
59 41
60 41
60 41
60 41
61 41
61 41
61 41
62 41
62 41
62 41
56 42
56 42
56 42
57 42
57 42
57 42
58 42
58 42
58 42
59 42
59 42
59 42
60 42
60 42
60 42
61 42
61 42
61 42
56 43
56 43
56 43
57 43
57 43
57 43
58 43
58 43
58 43
59 43
59 43
59 43
60 43
60 43
60 43
61 43
61 43
61 43
58 44
58 44
58 44
59 44
59 44
59 44
60 44
60 44
60 44
61 44
61 44
61 44
59 45
59 45
59 45
60 45
60 45
60 45
61 45
61 45
61 45
62 45
62 45
62 45
58 46
58 46
58 46
59 46
59 46
59 46
60 46
60 46
60 46
61 46
61 46
61 46
62 46
62 46
62 46
58 47
58 47
58 47
59 47
59 47
59 47
60 47
60 47
60 47
61 47
61 47
61 47
62 47
62 47
62 47
58 48
58 48
58 48
59 48
59 48
59 48
60 48
60 48
60 48
61 48
61 48
61 48
65 48
65 48
65 48
58 49
58 49
58 49
59 49
59 49
59 49
60 49
60 49
60 49
61 49
61 49
61 49
62 49
62 49
62 49
63 49
63 49
63 49
64 49
64 49
64 49
65 49
65 49
65 49
58 50
58 50
58 50
59 50
59 50
59 50
60 50
60 50
60 50
61 50
61 50
61 50
62 50
62 50
62 50
63 50
63 50
63 50
64 50
64 50
64 50
65 50
65 50
65 50
59 51
59 51
59 51
60 51
60 51
60 51
61 51
61 51
61 51
62 51
62 51
62 51
63 51
63 51
63 51
60 52
60 52
60 52
61 52
61 52
61 52
62 52
62 52
62 52
61 53
61 53
61 53
62 53
62 53
62 53
63 53
63 53
63 53
61 54
61 54
61 54
62 54
62 54
62 54
63 54
63 54
63 54
64 54
64 54
64 54
61 55
61 55
61 55
62 55
62 55
62 55
63 55
63 55
63 55
60 56
60 56
60 56
61 56
61 56
61 56
62 56
62 56
62 56
63 56
63 56
63 56
61 57
61 57
61 57
62 57
62 57
62 57
63 57
63 57
63 57
62 58
62 58
62 58
63 58
63 58
63 58
64 58
64 58
64 58
63 59
63 59
63 59
64 59
64 59
64 59
65 59
65 59
65 59
63 60
63 60
63 60
64 60
64 60
64 60
65 60
65 60
65 60
60 61
60 61
60 61
61 61
61 61
61 61
62 61
62 61
62 61
63 61
63 61
63 61
64 61
64 61
64 61
65 61
65 61
65 61
59 62
59 62
59 62
60 62
60 62
60 62
61 62
61 62
61 62
62 62
62 62
62 62
63 62
63 62
63 62
64 62
64 62
64 62
65 62
65 62
65 62
59 63
59 63
59 63
60 63
60 63
60 63
61 63
61 63
61 63
62 63
62 63
62 63
63 63
63 63
63 63
64 63
64 63
64 63
65 63
65 63
65 63
59 64
59 64
59 64
60 64
60 64
60 64
61 64
61 64
61 64
62 64
62 64
62 64
63 64
63 64
63 64
64 64
64 64
64 64
65 64
65 64
65 64
64 65
64 65
64 65
65 65
65 65
65 65
64 66
64 66
64 66
65 66
65 66
65 66
66 66
66 66
66 66
67 66
67 66
67 66
68 66
68 66
68 66
64 67
64 67
64 67
65 67
65 67
65 67
66 67
66 67
66 67
67 67
67 67
67 67
68 67
68 67
68 67
62 68
62 68
62 68
63 68
63 68
63 68
64 68
64 68
64 68
65 68
65 68
65 68
66 68
66 68
66 68
67 68
67 68
67 68
61 69
61 69
61 69
62 69
62 69
62 69
63 69
63 69
63 69
64 69
64 69
64 69
65 69
65 69
65 69
66 69
66 69
66 69
67 69
67 69
67 69
61 70
61 70
61 70
62 70
62 70
62 70
63 70
63 70
63 70
64 70
64 70
64 70
65 70
65 70
65 70
66 70
66 70
66 70
62 71
62 71
62 71
63 71
63 71
63 71
64 71
64 71
64 71
65 71
65 71
65 71
66 71
66 71
66 71
63 72
63 72
63 72
64 72
64 72
64 72
65 72
65 72
65 72
66 72
66 72
66 72
64 73
64 73
64 73
65 73
65 73
65 73
66 73
66 73
66 73
65 74
65 74
65 74
66 74
66 74
66 74
67 74
67 74
67 74
65 75
65 75
65 75
66 75
66 75
66 75
67 75
67 75
67 75
62 76
62 76
62 76
63 76
63 76
63 76
64 76
64 76
64 76
65 76
65 76
65 76
66 76
66 76
66 76
62 77
62 77
62 77
63 77
63 77
63 77
64 77
64 77
64 77
65 77
65 77
65 77
66 77
66 77
66 77
62 78
62 78
62 78
63 78
63 78
63 78
64 78
64 78
64 78
65 78
65 78
65 78
66 78
66 78
66 78
63 79
63 79
63 79
64 79
64 79
64 79
65 79
65 79
65 79
66 79
66 79
66 79
67 79
67 79
67 79
63 80
63 80
63 80
64 80
64 80
64 80
65 80
65 80
65 80
66 80
66 80
66 80
67 80
67 80
67 80
64 81
64 81
64 81
65 81
65 81
65 81
66 81
66 81
66 81
67 81
67 81
67 81
68 81
68 81
68 81
65 82
65 82
65 82
66 82
66 82
66 82
67 82
67 82
67 82
68 82
68 82
68 82
66 83
66 83
66 83
67 83
67 83
67 83
68 83
68 83
68 83
69 83
69 83
69 83
65 84
65 84
65 84
66 84
66 84
66 84
67 84
67 84
67 84
68 84
68 84
68 84
64 85
64 85
64 85
65 85
65 85
65 85
66 85
66 85
66 85
67 85
67 85
67 85
64 86
64 86
64 86
65 86
65 86
65 86
66 86
66 86
66 86
67 86
67 86
67 86
68 86
68 86
68 86
69 86
69 86
69 86
70 86
70 86
70 86
65 87
65 87
65 87
66 87
66 87
66 87
67 87
67 87
67 87
68 87
68 87
68 87
69 87
69 87
69 87
70 87
70 87
70 87
66 88
66 88
66 88
67 88
67 88
67 88
68 88
68 88
68 88
69 88
69 88
69 88
70 88
70 88
70 88
65 89
65 89
65 89
66 89
66 89
66 89
67 89
67 89
67 89
68 89
68 89
68 89
69 89
69 89
69 89
64 90
64 90
64 90
65 90
65 90
65 90
66 90
66 90
66 90
67 90
67 90
67 90
68 90
68 90
68 90
69 90
69 90
69 90
64 91
64 91
64 91
65 91
65 91
65 91
66 91
66 91
66 91
67 91
67 91
67 91
68 91
68 91
68 91
69 91
69 91
69 91
72 91
72 91
72 91
64 92
64 92
64 92
65 92
65 92
65 92
66 92
66 92
66 92
67 92
67 92
67 92
68 92
68 92
68 92
69 92
69 92
69 92
71 92
71 92
71 92
72 92
72 92
72 92
65 93
65 93
65 93
66 93
66 93
66 93
67 93
67 93
67 93
68 93
68 93
68 93
69 93
69 93
69 93
70 93
70 93
70 93
71 93
71 93
71 93
72 93
72 93
72 93
67 94
67 94
67 94
68 94
68 94
68 94
69 94
69 94
69 94
70 94
70 94
70 94
71 94
71 94
71 94
66 95
66 95
66 95
67 95
67 95
67 95
68 95
68 95
68 95
69 95
69 95
69 95
70 95
70 95
70 95
71 95
71 95
71 95
66 96
66 96
66 96
67 96
67 96
67 96
68 96
68 96
68 96
69 96
69 96
69 96
70 96
70 96
70 96
71 96
71 96
71 96
66 97
66 97
66 97
67 97
67 97
67 97
68 97
68 97
68 97
69 97
69 97
69 97
70 97
70 97
70 97
71 97
71 97
71 97
66 98
66 98
66 98
67 98
67 98
67 98
68 98
68 98
68 98
69 98
69 98
69 98
70 98
70 98
70 98
65 99
65 99
65 99
66 99
66 99
66 99
67 99
67 99
67 99
68 99
68 99
68 99
69 99
69 99
69 99
70 99
70 99
70 99
65 100
65 100
65 100
66 100
66 100
66 100
67 100
67 100
67 100
68 100
68 100
68 100
69 100
69 100
69 100
70 100
70 100
70 100
66 101
66 101
66 101
67 101
67 101
67 101
68 101
68 101
68 101
69 101
69 101
69 101
70 101
70 101
70 101
67 102
67 102
67 102
68 102
68 102
68 102
69 102
69 102
69 102
70 102
70 102
70 102
68 103
68 103
68 103
69 103
69 103
69 103
70 103
70 103
70 103
71 103
71 103
71 103
68 104
68 104
68 104
69 104
69 104
69 104
70 104
70 104
70 104
71 104
71 104
71 104
68 105
68 105
68 105
69 105
69 105
69 105
70 105
70 105
70 105
71 105
71 105
71 105
68 106
68 106
68 106
69 106
69 106
69 106
70 106
70 106
70 106
71 106
71 106
71 106
72 106
72 106
72 106
68 107
68 107
68 107
69 107
69 107
69 107
70 107
70 107
70 107
71 107
71 107
71 107
72 107
72 107
72 107
73 107
73 107
73 107
67 108
67 108
67 108
68 108
68 108
68 108
69 108
69 108
69 108
70 108
70 108
70 108
71 108
71 108
71 108
72 108
72 108
72 108
73 108
73 108
73 108
67 109
67 109
67 109
68 109
68 109
68 109
69 109
69 109
69 109
70 109
70 109
70 109
71 109
71 109
71 109
72 109
72 109
72 109
66 110
66 110
66 110
67 110
67 110
67 110
68 110
68 110
68 110
69 110
69 110
69 110
70 110
70 110
70 110
71 110
71 110
71 110
67 111
67 111
67 111
68 111
68 111
68 111
69 111
69 111
69 111
70 111
70 111
70 111
71 111
71 111
71 111
72 111
72 111
72 111
68 112
68 112
68 112
69 112
69 112
69 112
70 112
70 112
70 112
71 112
71 112
71 112
72 112
72 112
72 112
68 113
68 113
68 113
69 113
69 113
69 113
70 113
70 113
70 113
71 113
71 113
71 113
72 113
72 113
72 113
75 113
75 113
75 113
68 114
68 114
68 114
69 114
69 114
69 114
70 114
70 114
70 114
71 114
71 114
71 114
72 114
72 114
72 114
74 114
74 114
74 114
75 114
75 114
75 114
69 115
69 115
69 115
70 115
70 115
70 115
71 115
71 115
71 115
72 115
72 115
72 115
74 115
74 115
74 115
75 115
75 115
75 115
68 116
68 116
68 116
69 116
69 116
69 116
70 116
70 116
70 116
71 116
71 116
71 116
72 116
72 116
72 116
73 116
73 116
73 116
74 116
74 116
74 116
75 116
75 116
75 116
68 117
68 117
68 117
69 117
69 117
69 117
70 117
70 117
70 117
71 117
71 117
71 117
72 117
72 117
72 117
73 117
73 117
73 117
74 117
74 117
74 117
75 117
75 117
75 117
67 118
67 118
67 118
68 118
68 118
68 118
69 118
69 118
69 118
70 118
70 118
70 118
71 118
71 118
71 118
72 118
72 118
72 118
73 118
73 118
73 118
74 118
74 118
74 118
68 119
68 119
68 119
69 119
69 119
69 119
70 119
70 119
70 119
71 119
71 119
71 119
72 119
72 119
72 119
73 119
73 119
73 119
74 119
74 119
74 119
69 120
69 120
69 120
70 120
70 120
70 120
71 120
71 120
71 120
72 120
72 120
72 120
73 120
73 120
73 120
74 120
74 120
74 120
69 121
69 121
69 121
70 121
70 121
70 121
71 121
71 121
71 121
72 121
72 121
72 121
73 121
73 121
73 121
74 121
74 121
74 121
70 122
70 122
70 122
71 122
71 122
71 122
72 122
72 122
72 122
73 122
73 122
73 122
70 123
70 123
70 123
71 123
71 123
71 123
72 123
72 123
72 123
73 123
73 123
73 123
70 124
70 124
70 124
71 124
71 124
71 124
72 124
72 124
72 124
73 124
73 124
73 124
74 124
74 124
74 124
71 125
71 125
71 125
72 125
72 125
72 125
73 125
73 125
73 125
74 125
74 125
74 125
71 126
71 126
71 126
72 126
72 126
72 126
73 126
73 126
73 126
74 126
74 126
74 126
75 126
75 126
75 126
71 127
71 127
71 127
72 127
72 127
72 127
73 127
73 127
73 127
74 127
74 127
74 127
75 127
75 127
75 127
76 127
76 127
76 127
70 128
70 128
70 128
71 128
71 128
71 128
72 128
72 128
72 128
73 128
73 128
73 128
75 128
75 128
75 128
76 128
76 128
76 128
70 129
70 129
70 129
71 129
71 129
71 129
72 129
72 129
72 129
73 129
73 129
73 129
70 130
70 130
70 130
71 130
71 130
71 130
72 130
72 130
72 130
73 130
73 130
73 130
70 131
70 131
70 131
71 131
71 131
71 131
72 131
72 131
72 131
73 131
73 131
73 131
70 132
70 132
70 132
71 132
71 132
71 132
72 132
72 132
72 132
73 132
73 132
73 132
70 133
70 133
70 133
71 133
71 133
71 133
72 133
72 133
72 133
73 133
73 133
73 133
74 133
74 133
74 133
75 133
75 133
75 133
76 133
76 133
76 133
71 134
71 134
71 134
72 134
72 134
72 134
73 134
73 134
73 134
74 134
74 134
74 134
75 134
75 134
75 134
76 134
76 134
76 134
71 135
71 135
71 135
72 135
72 135
72 135
73 135
73 135
73 135
74 135
74 135
74 135
75 135
75 135
75 135
76 135
76 135
76 135
72 136
72 136
72 136
73 136
73 136
73 136
74 136
74 136
74 136
75 136
75 136
75 136
76 136
76 136
76 136
72 137
72 137
72 137
73 137
73 137
73 137
74 137
74 137
74 137
75 137
75 137
75 137
76 137
76 137
76 137
72 138
72 138
72 138
73 138
73 138
73 138
74 138
74 138
74 138
75 138
75 138
75 138
72 139
72 139
72 139
73 139
73 139
73 139
74 139
74 139
74 139
75 139
75 139
75 139
76 139
76 139
76 139
72 140
72 140
72 140
73 140
73 140
73 140
74 140
74 140
74 140
75 140
75 140
75 140
76 140
76 140
76 140
73 141
73 141
73 141
74 141
74 141
74 141
75 141
75 141
75 141
76 141
76 141
76 141
77 141
77 141
77 141
73 142
73 142
73 142
74 142
74 142
74 142
75 142
75 142
75 142
76 142
76 142
76 142
77 142
77 142
77 142
78 142
78 142
78 142
71 143
71 143
71 143
72 143
72 143
72 143
74 143
74 143
74 143
75 143
75 143
75 143
76 143
76 143
76 143
77 143
77 143
77 143
78 143
78 143
78 143
72 144
72 144
72 144
73 144
73 144
73 144
74 144
74 144
74 144
75 144
75 144
75 144
76 144
76 144
76 144
77 144
77 144
77 144
78 144
78 144
78 144
72 145
72 145
72 145
73 145
73 145
73 145
74 145
74 145
74 145
75 145
75 145
75 145
76 145
76 145
76 145
77 145
77 145
77 145
78 145
78 145
78 145
73 146
73 146
73 146
74 146
74 146
74 146
75 146
75 146
75 146
76 146
76 146
76 146
73 147
73 147
73 147
74 147
74 147
74 147
75 147
75 147
75 147
76 147
76 147
76 147
73 148
73 148
73 148
74 148
74 148
74 148
75 148
75 148
75 148
76 148
76 148
76 148
73 149
73 149
73 149
74 149
74 149
74 149
75 149
75 149
75 149
76 149
76 149
76 149
73 150
73 150
73 150
74 150
74 150
74 150
75 150
75 150
75 150
76 150
76 150
76 150
77 150
77 150
77 150
73 151
73 151
73 151
74 151
74 151
74 151
75 151
75 151
75 151
76 151
76 151
76 151
77 151
77 151
77 151
73 152
73 152
73 152
74 152
74 152
74 152
75 152
75 152
75 152
76 152
76 152
76 152
77 152
77 152
77 152
73 153
73 153
73 153
74 153
74 153
74 153
75 153
75 153
75 153
76 153
76 153
76 153
77 153
77 153
77 153
78 153
78 153
78 153
74 154
74 154
74 154
75 154
75 154
75 154
76 154
76 154
76 154
77 154
77 154
77 154
78 154
78 154
78 154
74 155
74 155
74 155
75 155
75 155
75 155
76 155
76 155
76 155
77 155
77 155
77 155
78 155
78 155
78 155
75 156
75 156
75 156
76 156
76 156
76 156
77 156
77 156
77 156
78 156
78 156
78 156
75 157
75 157
75 157
76 157
76 157
76 157
77 157
77 157
77 157
78 157
78 157
78 157
79 157
79 157
79 157
75 158
75 158
75 158
76 158
76 158
76 158
77 158
77 158
77 158
78 158
78 158
78 158
79 158
79 158
79 158
76 159
76 159
76 159
77 159
77 159
77 159
78 159
78 159
78 159
79 159
79 159
79 159
80 159
80 159
80 159
76 160
76 160
76 160
77 160
77 160
77 160
78 160
78 160
78 160
79 160
79 160
79 160
80 160
80 160
80 160
73 161
73 161
73 161
74 161
74 161
74 161
75 161
75 161
75 161
76 161
76 161
76 161
77 161
77 161
77 161
78 161
78 161
78 161
79 161
79 161
79 161
74 162
74 162
74 162
75 162
75 162
75 162
76 162
76 162
76 162
77 162
77 162
77 162
74 163
74 163
74 163
75 163
75 163
75 163
76 163
76 163
76 163
77 163
77 163
77 163
74 164
74 164
74 164
75 164
75 164
75 164
76 164
76 164
76 164
77 164
77 164
77 164
75 165
75 165
75 165
76 165
76 165
76 165
77 165
77 165
77 165
78 165
78 165
78 165
75 166
75 166
75 166
76 166
76 166
76 166
77 166
77 166
77 166
78 166
78 166
78 166
79 166
79 166
79 166
75 167
75 167
75 167
76 167
76 167
76 167
77 167
77 167
77 167
78 167
78 167
78 167
79 167
79 167
79 167
75 168
75 168
75 168
76 168
76 168
76 168
77 168
77 168
77 168
78 168
78 168
78 168
79 168
79 168
79 168
75 169
75 169
75 169
76 169
76 169
76 169
77 169
77 169
77 169
78 169
78 169
78 169
76 170
76 170
76 170
77 170
77 170
77 170
78 170
78 170
78 170
76 171
76 171
76 171
77 171
77 171
77 171
78 171
78 171
78 171
79 171
79 171
79 171
80 171
80 171
80 171
77 172
77 172
77 172
78 172
78 172
78 172
79 172
79 172
79 172
80 172
80 172
80 172
81 172
81 172
81 172
78 173
78 173
78 173
79 173
79 173
79 173
80 173
80 173
80 173
81 173
81 173
81 173
77 174
77 174
77 174
78 174
78 174
78 174
79 174
79 174
79 174
80 174
80 174
80 174
81 174
81 174
81 174
76 175
76 175
76 175
77 175
77 175
77 175
78 175
78 175
78 175
79 175
79 175
79 175
80 175
80 175
80 175
81 175
81 175
81 175
76 176
76 176
76 176
77 176
77 176
77 176
78 176
78 176
78 176
79 176
79 176
79 176
76 177
76 177
76 177
77 177
77 177
77 177
78 177
78 177
78 177
79 177
79 177
79 177
77 178
77 178
77 178
78 178
78 178
78 178
79 178
79 178
79 178
77 179
77 179
77 179
78 179
78 179
78 179
79 179
79 179
79 179
80 179
80 179
80 179
77 180
77 180
77 180
78 180
78 180
78 180
79 180
79 180
79 180
80 180
80 180
80 180
77 181
77 181
77 181
78 181
78 181
78 181
79 181
79 181
79 181
80 181
80 181
80 181
77 182
77 182
77 182
78 182
78 182
78 182
79 182
79 182
79 182
80 182
80 182
80 182
77 183
77 183
77 183
78 183
78 183
78 183
79 183
79 183
79 183
80 183
80 183
80 183
78 184
78 184
78 184
79 184
79 184
79 184
80 184
80 184
80 184
81 184
81 184
81 184
82 184
82 184
82 184
78 185
78 185
78 185
79 185
79 185
79 185
80 185
80 185
80 185
81 185
81 185
81 185
82 185
82 185
82 185
78 186
78 186
78 186
79 186
79 186
79 186
80 186
80 186
80 186
81 186
81 186
81 186
82 186
82 186
82 186
78 187
78 187
78 187
79 187
79 187
79 187
80 187
80 187
80 187
81 187
81 187
81 187
82 187
82 187
82 187
78 188
78 188
78 188
79 188
79 188
79 188
80 188
80 188
80 188
81 188
81 188
81 188
82 188
82 188
82 188
78 189
78 189
78 189
79 189
79 189
79 189
80 189
80 189
80 189
81 189
81 189
81 189
82 189
82 189
82 189
78 190
78 190
78 190
79 190
79 190
79 190
80 190
80 190
80 190
81 190
81 190
81 190
82 190
82 190
82 190
78 191
78 191
78 191
79 191
79 191
79 191
80 191
80 191
80 191
81 191
81 191
81 191
82 191
82 191
82 191
78 192
78 192
78 192
79 192
79 192
79 192
80 192
80 192
80 192
81 192
81 192
81 192
82 192
82 192
82 192
78 193
78 193
78 193
79 193
79 193
79 193
80 193
80 193
80 193
81 193
81 193
81 193
82 193
82 193
82 193
79 194
79 194
79 194
80 194
80 194
80 194
81 194
81 194
81 194
82 194
82 194
82 194
79 195
79 195
79 195
80 195
80 195
80 195
81 195
81 195
81 195
82 195
82 195
82 195
83 195
83 195
83 195
79 196
79 196
79 196
80 196
80 196
80 196
81 196
81 196
81 196
82 196
82 196
82 196
83 196
83 196
83 196
78 197
78 197
78 197
79 197
79 197
79 197
80 197
80 197
80 197
81 197
81 197
81 197
82 197
82 197
82 197
83 197
83 197
83 197
78 198
78 198
78 198
79 198
79 198
79 198
80 198
80 198
80 198
81 198
81 198
81 198
82 198
82 198
82 198
83 198
83 198
83 198
79 199
79 199
79 199
80 199
80 199
80 199
81 199
81 199
81 199
82 199
82 199
82 199
83 199
83 199
83 199
80 200
80 200
80 200
81 200
81 200
81 200
82 200
82 200
82 200
83 200
83 200
83 200
84 200
84 200
84 200
80 201
80 201
80 201
81 201
81 201
81 201
82 201
82 201
82 201
83 201
83 201
83 201
84 201
84 201
84 201
85 201
85 201
85 201
80 202
80 202
80 202
81 202
81 202
81 202
82 202
82 202
82 202
83 202
83 202
83 202
84 202
84 202
84 202
85 202
85 202
85 202
80 203
80 203
80 203
81 203
81 203
81 203
82 203
82 203
82 203
83 203
83 203
83 203
84 203
84 203
84 203
79 204
79 204
79 204
80 204
80 204
80 204
81 204
81 204
81 204
82 204
82 204
82 204
79 205
79 205
79 205
80 205
80 205
80 205
81 205
81 205
81 205
82 205
82 205
82 205
79 206
79 206
79 206
80 206
80 206
80 206
81 206
81 206
81 206
82 206
82 206
82 206
83 206
83 206
83 206
79 207
79 207
79 207
80 207
80 207
80 207
81 207
81 207
81 207
82 207
82 207
82 207
83 207
83 207
83 207
84 207
84 207
84 207
80 208
80 208
80 208
81 208
81 208
81 208
82 208
82 208
82 208
83 208
83 208
83 208
84 208
84 208
84 208
80 209
80 209
80 209
81 209
81 209
81 209
82 209
82 209
82 209
83 209
83 209
83 209
84 209
84 209
84 209
80 210
80 210
80 210
81 210
81 210
81 210
82 210
82 210
82 210
83 210
83 210
83 210
84 210
84 210
84 210
80 211
80 211
80 211
81 211
81 211
81 211
82 211
82 211
82 211
83 211
83 211
83 211
84 211
84 211
84 211
80 212
80 212
80 212
81 212
81 212
81 212
82 212
82 212
82 212
83 212
83 212
83 212
80 213
80 213
80 213
81 213
81 213
81 213
82 213
82 213
82 213
81 214
81 214
81 214
82 214
82 214
82 214
83 214
83 214
83 214
84 214
84 214
84 214
85 214
85 214
85 214
81 215
81 215
81 215
82 215
82 215
82 215
83 215
83 215
83 215
84 215
84 215
84 215
85 215
85 215
85 215
82 216
82 216
82 216
83 216
83 216
83 216
84 216
84 216
84 216
85 216
85 216
85 216
82 217
82 217
82 217
83 217
83 217
83 217
84 217
84 217
84 217
85 217
85 217
85 217
81 218
81 218
81 218
82 218
82 218
82 218
83 218
83 218
83 218
84 218
84 218
84 218
81 219
81 219
81 219
82 219
82 219
82 219
83 219
83 219
83 219
84 219
84 219
84 219
81 220
81 220
81 220
82 220
82 220
82 220
83 220
83 220
83 220
84 220
84 220
84 220
81 221
81 221
81 221
82 221
82 221
82 221
83 221
83 221
83 221
84 221
84 221
84 221
85 221
85 221
85 221
81 222
81 222
81 222
82 222
82 222
82 222
83 222
83 222
83 222
84 222
84 222
84 222
85 222
85 222
85 222
81 223
81 223
81 223
82 223
82 223
82 223
83 223
83 223
83 223
84 223
84 223
84 223
85 223
85 223
85 223
86 223
86 223
86 223
82 224
82 224
82 224
83 224
83 224
83 224
84 224
84 224
84 224
85 224
85 224
85 224
86 224
86 224
86 224
87 224
87 224
87 224
82 225
82 225
82 225
83 225
83 225
83 225
84 225
84 225
84 225
85 225
85 225
85 225
86 225
86 225
86 225
87 225
87 225
87 225
82 226
82 226
82 226
83 226
83 226
83 226
84 226
84 226
84 226
85 226
85 226
85 226
86 226
86 226
86 226
87 226
87 226
87 226
82 227
82 227
82 227
83 227
83 227
83 227
84 227
84 227
84 227
85 227
85 227
85 227
82 228
82 228
82 228
83 228
83 228
83 228
84 228
84 228
84 228
82 229
82 229
82 229
83 229
83 229
83 229
84 229
84 229
84 229
82 230
82 230
82 230
83 230
83 230
83 230
81 231
81 231
81 231
82 231
82 231
82 231
83 231
83 231
83 231
84 231
84 231
84 231
81 232
81 232
81 232
82 232
82 232
82 232
83 232
83 232
83 232
84 232
84 232
84 232
85 232
85 232
85 232
86 232
86 232
86 232
82 233
82 233
82 233
83 233
83 233
83 233
84 233
84 233
84 233
85 233
85 233
85 233
86 233
86 233
86 233
82 234
82 234
82 234
83 234
83 234
83 234
84 234
84 234
84 234
85 234
85 234
85 234
86 234
86 234
86 234
83 235
83 235
83 235
84 235
84 235
84 235
85 235
85 235
85 235
86 235
86 235
86 235
87 235
87 235
87 235
83 236
83 236
83 236
84 236
84 236
84 236
85 236
85 236
85 236
86 236
86 236
86 236
87 236
87 236
87 236
84 237
84 237
84 237
85 237
85 237
85 237
86 237
86 237
86 237
87 237
87 237
87 237
84 238
84 238
84 238
85 238
85 238
85 238
86 238
86 238
86 238
87 238
87 238
87 238
84 239
84 239
84 239
85 239
85 239
85 239
86 239
86 239
86 239
87 239
87 239
87 239
84 240
84 240
84 240
85 240
85 240
85 240
86 240
86 240
86 240
87 240
87 240
87 240
88 240
88 240
88 240
84 241
84 241
84 241
85 241
85 241
85 241
86 241
86 241
86 241
87 241
87 241
87 241
88 241
88 241
88 241
84 242
84 242
84 242
85 242
85 242
85 242
86 242
86 242
86 242
87 242
87 242
87 242
88 242
88 242
88 242
83 243
83 243
83 243
84 243
84 243
84 243
85 243
85 243
85 243
86 243
86 243
86 243
87 243
87 243
87 243
83 244
83 244
83 244
84 244
84 244
84 244
85 244
85 244
85 244
86 244
86 244
86 244
82 245
82 245
82 245
83 245
83 245
83 245
84 245
84 245
84 245
85 245
85 245
85 245
86 245
86 245
86 245
82 246
82 246
82 246
83 246
83 246
83 246
84 246
84 246
84 246
85 246
85 246
85 246
86 246
86 246
86 246
82 247
82 247
82 247
83 247
83 247
83 247
84 247
84 247
84 247
85 247
85 247
85 247
86 247
86 247
86 247
82 248
82 248
82 248
83 248
83 248
83 248
84 248
84 248
84 248
85 248
85 248
85 248
86 248
86 248
86 248
82 249
82 249
82 249
83 249
83 249
83 249
84 249
84 249
84 249
85 249
85 249
85 249
86 249
86 249
86 249
87 249
87 249
87 249
82 250
82 250
82 250
83 250
83 250
83 250
84 250
84 250
84 250
85 250
85 250
85 250
86 250
86 250
86 250
87 250
87 250
87 250
83 251
83 251
83 251
84 251
84 251
84 251
85 251
85 251
85 251
86 251
86 251
86 251
87 251
87 251
87 251
83 252
83 252
83 252
84 252
84 252
84 252
85 252
85 252
85 252
86 252
86 252
86 252
87 252
87 252
87 252
88 252
88 252
88 252
83 253
83 253
83 253
84 253
84 253
84 253
85 253
85 253
85 253
86 253
86 253
86 253
87 253
87 253
87 253
88 253
88 253
88 253
85 254
85 254
85 254
86 254
86 254
86 254
87 254
87 254
87 254
88 254
88 254
88 254
89 254
89 254
89 254
90 254
90 254
90 254
85 255
85 255
85 255
86 255
86 255
86 255
87 255
87 255
87 255
88 255
88 255
88 255
89 255
89 255
89 255
90 255
90 255
90 255
86 256
86 256
86 256
87 256
87 256
87 256
88 256
88 256
88 256
89 256
89 256
89 256
90 256
90 256
90 256
86 257
86 257
86 257
87 257
87 257
87 257
88 257
88 257
88 257
89 257
89 257
89 257
90 257
90 257
90 257
86 258
86 258
86 258
87 258
87 258
87 258
88 258
88 258
88 258
89 258
89 258
89 258
90 258
90 258
90 258
85 259
85 259
85 259
86 259
86 259
86 259
87 259
87 259
87 259
88 259
88 259
88 259
89 259
89 259
89 259
90 259
90 259
90 259
85 260
85 260
85 260
86 260
86 260
86 260
87 260
87 260
87 260
88 260
88 260
88 260
89 260
89 260
89 260
85 261
85 261
85 261
86 261
86 261
86 261
87 261
87 261
87 261
88 261
88 261
88 261
89 261
89 261
89 261
86 262
86 262
86 262
87 262
87 262
87 262
88 262
88 262
88 262
89 262
89 262
89 262
87 263
87 263
87 263
88 263
88 263
88 263
89 263
89 263
89 263
87 264
87 264
87 264
88 264
88 264
88 264
89 264
89 264
89 264
85 265
85 265
85 265
86 265
86 265
86 265
87 265
87 265
87 265
88 265
88 265
88 265
89 265
89 265
89 265
85 266
85 266
85 266
86 266
86 266
86 266
87 266
87 266
87 266
88 266
88 266
88 266
89 266
89 266
89 266
85 267
85 267
85 267
86 267
86 267
86 267
87 267
87 267
87 267
88 267
88 267
88 267
85 268
85 268
85 268
86 268
86 268
86 268
87 268
87 268
87 268
88 268
88 268
88 268
85 269
85 269
85 269
86 269
86 269
86 269
87 269
87 269
87 269
88 269
88 269
88 269
85 270
85 270
85 270
86 270
86 270
86 270
87 270
87 270
87 270
88 270
88 270
88 270
85 271
85 271
85 271
86 271
86 271
86 271
87 271
87 271
87 271
88 271
88 271
88 271
85 272
85 272
85 272
86 272
86 272
86 272
87 272
87 272
87 272
88 272
88 272
88 272
89 272
89 272
89 272
85 273
85 273
85 273
86 273
86 273
86 273
87 273
87 273
87 273
88 273
88 273
88 273
89 273
89 273
89 273
90 273
90 273
90 273
85 274
85 274
85 274
86 274
86 274
86 274
87 274
87 274
87 274
88 274
88 274
88 274
89 274
89 274
89 274
90 274
90 274
90 274
85 275
85 275
85 275
86 275
86 275
86 275
87 275
87 275
87 275
88 275
88 275
88 275
89 275
89 275
89 275
90 275
90 275
90 275
85 276
85 276
85 276
86 276
86 276
86 276
87 276
87 276
87 276
88 276
88 276
88 276
89 276
89 276
89 276
90 276
90 276
90 276
86 277
86 277
86 277
87 277
87 277
87 277
88 277
88 277
88 277
89 277
89 277
89 277
90 277
90 277
90 277
86 278
86 278
86 278
87 278
87 278
87 278
88 278
88 278
88 278
89 278
89 278
89 278
90 278
90 278
90 278
86 279
86 279
86 279
87 279
87 279
87 279
88 279
88 279
88 279
89 279
89 279
89 279
90 279
90 279
90 279
87 280
87 280
87 280
88 280
88 280
88 280
89 280
89 280
89 280
90 280
90 280
90 280
86 281
86 281
86 281
87 281
87 281
87 281
88 281
88 281
88 281
89 281
89 281
89 281
90 281
90 281
90 281
86 282
86 282
86 282
87 282
87 282
87 282
88 282
88 282
88 282
89 282
89 282
89 282
90 282
90 282
90 282
86 283
86 283
86 283
87 283
87 283
87 283
88 283
88 283
88 283
89 283
89 283
89 283
90 283
90 283
90 283
86 284
86 284
86 284
87 284
87 284
87 284
88 284
88 284
88 284
89 284
89 284
89 284
86 285
86 285
86 285
87 285
87 285
87 285
88 285
88 285
88 285
89 285
89 285
89 285
86 286
86 286
86 286
87 286
87 286
87 286
88 286
88 286
88 286
89 286
89 286
89 286
86 287
86 287
86 287
87 287
87 287
87 287
88 287
88 287
88 287
89 287
89 287
89 287
90 287
90 287
90 287
86 288
86 288
86 288
87 288
87 288
87 288
88 288
88 288
88 288
89 288
89 288
89 288
90 288
90 288
90 288
87 289
87 289
87 289
88 289
88 289
88 289
89 289
89 289
89 289
90 289
90 289
90 289
87 290
87 290
87 290
88 290
88 290
88 290
89 290
89 290
89 290
90 290
90 290
90 290
88 291
88 291
88 291
89 291
89 291
89 291
90 291
90 291
90 291
91 291
91 291
91 291
88 292
88 292
88 292
89 292
89 292
89 292
90 292
90 292
90 292
91 292
91 292
91 292
88 293
88 293
88 293
89 293
89 293
89 293
90 293
90 293
90 293
91 293
91 293
91 293
87 294
87 294
87 294
88 294
88 294
88 294
89 294
89 294
89 294
90 294
90 294
90 294
91 294
91 294
91 294
87 295
87 295
87 295
88 295
88 295
88 295
89 295
89 295
89 295
90 295
90 295
90 295
91 295
91 295
91 295
86 296
86 296
86 296
87 296
87 296
87 296
88 296
88 296
88 296
89 296
89 296
89 296
90 296
90 296
90 296
87 297
87 297
87 297
88 297
88 297
88 297
89 297
89 297
89 297
90 297
90 297
90 297
87 298
87 298
87 298
88 298
88 298
88 298
89 298
89 298
89 298
90 298
90 298
90 298
87 299
87 299
87 299
88 299
88 299
88 299
89 299
89 299
89 299
90 299
90 299
90 299
87 300
87 300
87 300
88 300
88 300
88 300
89 300
89 300
89 300
90 300
90 300
90 300
87 301
87 301
87 301
88 301
88 301
88 301
89 301
89 301
89 301
90 301
90 301
90 301
91 301
91 301
91 301
87 302
87 302
87 302
88 302
88 302
88 302
89 302
89 302
89 302
90 302
90 302
90 302
91 302
91 302
91 302
87 303
87 303
87 303
88 303
88 303
88 303
89 303
89 303
89 303
90 303
90 303
90 303
91 303
91 303
91 303
92 303
92 303
92 303
88 304
88 304
88 304
89 304
89 304
89 304
90 304
90 304
90 304
91 304
91 304
91 304
92 304
92 304
92 304
88 305
88 305
88 305
89 305
89 305
89 305
90 305
90 305
90 305
91 305
91 305
91 305
92 305
92 305
92 305
87 306
87 306
87 306
88 306
88 306
88 306
89 306
89 306
89 306
87 307
87 307
87 307
88 307
88 307
88 307
89 307
89 307
89 307
87 308
87 308
87 308
88 308
88 308
88 308
89 308
89 308
89 308
90 308
90 308
90 308
88 309
88 309
88 309
89 309
89 309
89 309
90 309
90 309
90 309
91 309
91 309
91 309
88 310
88 310
88 310
89 310
89 310
89 310
90 310
90 310
90 310
91 310
91 310
91 310
92 310
92 310
92 310
88 311
88 311
88 311
89 311
89 311
89 311
90 311
90 311
90 311
91 311
91 311
91 311
92 311
92 311
92 311
88 312
88 312
88 312
89 312
89 312
89 312
90 312
90 312
90 312
91 312
91 312
91 312
92 312
92 312
92 312
88 313
88 313
88 313
89 313
89 313
89 313
90 313
90 313
90 313
91 313
91 313
91 313
92 313
92 313
92 313
90 314
90 314
90 314
91 314
91 314
91 314
92 314
92 314
92 314
89 315
89 315
89 315
90 315
90 315
90 315
91 315
91 315
91 315
92 315
92 315
92 315
88 316
88 316
88 316
89 316
89 316
89 316
90 316
90 316
90 316
91 316
91 316
91 316
92 316
92 316
92 316
88 317
88 317
88 317
89 317
89 317
89 317
90 317
90 317
90 317
91 317
91 317
91 317
92 317
92 317
92 317
88 318
88 318
88 318
89 318
89 318
89 318
90 318
90 318
90 318
91 318
91 318
91 318
92 318
92 318
92 318
88 319
88 319
88 319
89 319
89 319
89 319
90 319
90 319
90 319
91 319
91 319
91 319
92 319
92 319
92 319
88 320
88 320
88 320
89 320
89 320
89 320
90 320
90 320
90 320
91 320
91 320
91 320
92 320
92 320
92 320
93 320
93 320
93 320
94 320
94 320
94 320
88 321
88 321
88 321
89 321
89 321
89 321
90 321
90 321
90 321
93 321
93 321
93 321
94 321
94 321
94 321
88 322
88 322
88 322
89 322
89 322
89 322
90 322
90 322
90 322
93 322
93 322
93 322
94 322
94 322
94 322
88 323
88 323
88 323
89 323
89 323
89 323
90 323
90 323
90 323
94 323
94 323
94 323
88 324
88 324
88 324
89 324
89 324
89 324
90 324
90 324
90 324
91 324
91 324
91 324
92 324
92 324
92 324
93 324
93 324
93 324
94 324
94 324
94 324
88 325
88 325
88 325
89 325
89 325
89 325
90 325
90 325
90 325
91 325
91 325
91 325
92 325
92 325
92 325
93 325
93 325
93 325
89 326
89 326
89 326
90 326
90 326
90 326
91 326
91 326
91 326
92 326
92 326
92 326
93 326
93 326
93 326
89 327
89 327
89 327
90 327
90 327
90 327
91 327
91 327
91 327
92 327
92 327
92 327
93 327
93 327
93 327
89 328
89 328
89 328
90 328
90 328
90 328
91 328
91 328
91 328
92 328
92 328
92 328
93 328
93 328
93 328
88 329
88 329
88 329
89 329
89 329
89 329
90 329
90 329
90 329
91 329
91 329
91 329
92 329
92 329
92 329
88 330
88 330
88 330
89 330
89 330
89 330
90 330
90 330
90 330
91 330
91 330
91 330
92 330
92 330
92 330
88 331
88 331
88 331
89 331
89 331
89 331
90 331
90 331
90 331
91 331
91 331
91 331
92 331
92 331
92 331
88 332
88 332
88 332
89 332
89 332
89 332
90 332
90 332
90 332
91 332
91 332
91 332
89 333
89 333
89 333
90 333
90 333
90 333
91 333
91 333
91 333
89 334
89 334
89 334
90 334
90 334
90 334
91 334
91 334
91 334
92 334
92 334
92 334
89 335
89 335
89 335
90 335
90 335
90 335
91 335
91 335
91 335
92 335
92 335
92 335
89 336
89 336
89 336
90 336
90 336
90 336
91 336
91 336
91 336
92 336
92 336
92 336
89 337
89 337
89 337
90 337
90 337
90 337
91 337
91 337
91 337
92 337
92 337
92 337
89 338
89 338
89 338
90 338
90 338
90 338
91 338
91 338
91 338
92 338
92 338
92 338
90 339
90 339
90 339
91 339
91 339
91 339
89 340
89 340
89 340
90 340
90 340
90 340
91 340
91 340
91 340
88 341
88 341
88 341
89 341
89 341
89 341
90 341
90 341
90 341
91 341
91 341
91 341
92 341
92 341
92 341
88 342
88 342
88 342
89 342
89 342
89 342
90 342
90 342
90 342
91 342
91 342
91 342
92 342
92 342
92 342
88 343
88 343
88 343
89 343
89 343
89 343
90 343
90 343
90 343
91 343
91 343
91 343
92 343
92 343
92 343
88 344
88 344
88 344
89 344
89 344
89 344
90 344
90 344
90 344
91 344
91 344
91 344
92 344
92 344
92 344
88 345
88 345
88 345
89 345
89 345
89 345
90 345
90 345
90 345
91 345
91 345
91 345
89 346
89 346
89 346
90 346
90 346
90 346
91 346
91 346
91 346
92 346
92 346
92 346
93 346
93 346
93 346
94 346
94 346
94 346
90 347
90 347
90 347
91 347
91 347
91 347
92 347
92 347
92 347
93 347
93 347
93 347
94 347
94 347
94 347
95 347
95 347
95 347
96 347
96 347
96 347
91 348
91 348
91 348
92 348
92 348
92 348
93 348
93 348
93 348
94 348
94 348
94 348
95 348
95 348
95 348
91 349
91 349
91 349
92 349
92 349
92 349
93 349
93 349
93 349
94 349
94 349
94 349
90 350
90 350
90 350
91 350
91 350
91 350
92 350
92 350
92 350
93 350
93 350
93 350
94 350
94 350
94 350
89 351
89 351
89 351
90 351
90 351
90 351
91 351
91 351
91 351
92 351
92 351
92 351
93 351
93 351
93 351
94 351
94 351
94 351
89 352
89 352
89 352
90 352
90 352
90 352
91 352
91 352
91 352
92 352
92 352
92 352
93 352
93 352
93 352
94 352
94 352
94 352
89 353
89 353
89 353
90 353
90 353
90 353
91 353
91 353
91 353
92 353
92 353
92 353
93 353
93 353
93 353
89 354
89 354
89 354
90 354
90 354
90 354
91 354
91 354
91 354
92 354
92 354
92 354
93 354
93 354
93 354
89 355
89 355
89 355
90 355
90 355
90 355
91 355
91 355
91 355
92 355
92 355
92 355
93 355
93 355
93 355
90 356
90 356
90 356
91 356
91 356
91 356
92 356
92 356
92 356
93 356
93 356
93 356
94 356
94 356
94 356
95 356
95 356
95 356
96 356
96 356
96 356
91 357
91 357
91 357
92 357
92 357
92 357
93 357
93 357
93 357
94 357
94 357
94 357
95 357
95 357
95 357
96 357
96 357
96 357
91 358
91 358
91 358
92 358
92 358
92 358
93 358
93 358
93 358
94 358
94 358
94 358
95 358
95 358
95 358
96 358
96 358
96 358
92 359
92 359
92 359
93 359
93 359
93 359
94 359
94 359
94 359
95 359
95 359
95 359
96 359
96 359
96 359
92 360
92 360
92 360
93 360
93 360
93 360
94 360
94 360
94 360
95 360
95 360
95 360
96 360
96 360
96 360
93 361
93 361
93 361
94 361
94 361
94 361
95 361
95 361
95 361
93 362
93 362
93 362
94 362
94 362
94 362
95 362
95 362
95 362
92 363
92 363
92 363
93 363
93 363
93 363
94 363
94 363
94 363
92 364
92 364
92 364
93 364
93 364
93 364
94 364
94 364
94 364
91 365
91 365
91 365
92 365
92 365
92 365
93 365
93 365
93 365
94 365
94 365
94 365
90 366
90 366
90 366
91 366
91 366
91 366
92 366
92 366
92 366
93 366
93 366
93 366
94 366
94 366
94 366
90 367
90 367
90 367
91 367
91 367
91 367
92 367
92 367
92 367
93 367
93 367
93 367
94 367
94 367
94 367
90 368
90 368
90 368
91 368
91 368
91 368
92 368
92 368
92 368
93 368
93 368
93 368
94 368
94 368
94 368
90 369
90 369
90 369
91 369
91 369
91 369
92 369
92 369
92 369
93 369
93 369
93 369
94 369
94 369
94 369
90 370
90 370
90 370
91 370
91 370
91 370
92 370
92 370
92 370
93 370
93 370
93 370
94 370
94 370
94 370
90 371
90 371
90 371
91 371
91 371
91 371
92 371
92 371
92 371
93 371
93 371
93 371
94 371
94 371
94 371
90 372
90 372
90 372
91 372
91 372
91 372
92 372
92 372
92 372
93 372
93 372
93 372
94 372
94 372
94 372
90 373
90 373
90 373
91 373
91 373
91 373
92 373
92 373
92 373
93 373
93 373
93 373
94 373
94 373
94 373
90 374
90 374
90 374
91 374
91 374
91 374
92 374
92 374
92 374
93 374
93 374
93 374
94 374
94 374
94 374
92 375
92 375
92 375
93 375
93 375
93 375
94 375
94 375
94 375
95 375
95 375
95 375
92 376
92 376
92 376
93 376
93 376
93 376
94 376
94 376
94 376
95 376
95 376
95 376
92 377
92 377
92 377
93 377
93 377
93 377
94 377
94 377
94 377
95 377
95 377
95 377
92 378
92 378
92 378
93 378
93 378
93 378
94 378
94 378
94 378
95 378
95 378
95 378
93 379
93 379
93 379
94 379
94 379
94 379
95 379
95 379
95 379
90 380
90 380
90 380
91 380
91 380
91 380
92 380
92 380
92 380
93 380
93 380
93 380
94 380
94 380
94 380
95 380
95 380
95 380
90 381
90 381
90 381
91 381
91 381
91 381
92 381
92 381
92 381
93 381
93 381
93 381
94 381
94 381
94 381
95 381
95 381
95 381
90 382
90 382
90 382
91 382
91 382
91 382
92 382
92 382
92 382
93 382
93 382
93 382
94 382
94 382
94 382
95 382
95 382
95 382
90 383
90 383
90 383
91 383
91 383
91 383
92 383
92 383
92 383
93 383
93 383
93 383
94 383
94 383
94 383
95 383
95 383
95 383
90 384
90 384
90 384
91 384
91 384
91 384
92 384
92 384
92 384
93 384
93 384
93 384
94 384
94 384
94 384
95 384
95 384
95 384
91 385
91 385
91 385
93 385
93 385
93 385
94 385
94 385
94 385
95 385
95 385
95 385
93 386
93 386
93 386
94 386
94 386
94 386
95 386
95 386
95 386
93 387
93 387
93 387
94 387
94 387
94 387
95 387
95 387
95 387
96 387
96 387
96 387
93 388
93 388
93 388
94 388
94 388
94 388
95 388
95 388
95 388
96 388
96 388
96 388
90 389
90 389
90 389
91 389
91 389
91 389
92 389
92 389
92 389
93 389
93 389
93 389
94 389
94 389
94 389
95 389
95 389
95 389
96 389
96 389
96 389
90 390
90 390
90 390
91 390
91 390
91 390
92 390
92 390
92 390
93 390
93 390
93 390
94 390
94 390
94 390
96 390
96 390
96 390
90 391
90 391
90 391
91 391
91 391
91 391
92 391
92 391
92 391
93 391
93 391
93 391
94 391
94 391
94 391
90 392
90 392
90 392
91 392
91 392
91 392
92 392
92 392
92 392
93 392
93 392
93 392
94 392
94 392
94 392
95 392
95 392
95 392
96 392
96 392
96 392
90 393
90 393
90 393
91 393
91 393
91 393
92 393
92 393
92 393
93 393
93 393
93 393
94 393
94 393
94 393
95 393
95 393
95 393
96 393
96 393
96 393
92 394
92 394
92 394
93 394
93 394
93 394
94 394
94 394
94 394
95 394
95 394
95 394
96 394
96 394
96 394
92 395
92 395
92 395
93 395
93 395
93 395
94 395
94 395
94 395
95 395
95 395
95 395
96 395
96 395
96 395
93 396
93 396
93 396
94 396
94 396
94 396
95 396
95 396
95 396
96 396
96 396
96 396
93 397
93 397
93 397
94 397
94 397
94 397
95 397
95 397
95 397
96 397
96 397
96 397
93 398
93 398
93 398
94 398
94 398
94 398
95 398
95 398
95 398
96 398
96 398
96 398
93 399
93 399
93 399
94 399
94 399
94 399
95 399
95 399
95 399
96 399
96 399
96 399
93 400
93 400
93 400
94 400
94 400
94 400
95 400
95 400
95 400
96 400
96 400
96 400
93 401
93 401
93 401
94 401
94 401
94 401
95 401
95 401
95 401
96 401
96 401
96 401
93 402
93 402
93 402
94 402
94 402
94 402
95 402
95 402
95 402
96 402
96 402
96 402
93 403
93 403
93 403
94 403
94 403
94 403
95 403
95 403
95 403
96 403
96 403
96 403
93 404
93 404
93 404
94 404
94 404
94 404
95 404
95 404
95 404
96 404
96 404
96 404
94 405
94 405
94 405
95 405
95 405
95 405
96 405
96 405
96 405
92 406
92 406
92 406
93 406
93 406
93 406
94 406
94 406
94 406
95 406
95 406
95 406
96 406
96 406
96 406
97 406
97 406
97 406
98 406
98 406
98 406
92 407
92 407
92 407
93 407
93 407
93 407
94 407
94 407
94 407
95 407
95 407
95 407
96 407
96 407
96 407
97 407
97 407
97 407
98 407
98 407
98 407
99 407
99 407
99 407
