109 1
109 1
109 1
110 1
110 1
110 1
111 1
111 1
111 1
109 2
109 2
109 2
110 2
110 2
110 2
111 2
111 2
111 2
109 3
109 3
109 3
110 3
110 3
110 3
111 3
111 3
111 3
109 4
109 4
109 4
110 4
110 4
110 4
109 5
109 5
109 5
110 5
110 5
110 5
111 5
111 5
111 5
109 6
109 6
109 6
110 6
110 6
110 6
111 6
111 6
111 6
108 7
108 7
108 7
109 7
109 7
109 7
110 7
110 7
110 7
111 7
111 7
111 7
108 8
108 8
108 8
109 8
109 8
109 8
110 8
110 8
110 8
111 8
111 8
111 8
108 9
108 9
108 9
109 9
109 9
109 9
110 9
110 9
110 9
111 9
111 9
111 9
108 10
108 10
108 10
109 10
109 10
109 10
110 10
110 10
110 10
111 10
111 10
111 10
112 10
112 10
112 10
107 11
107 11
107 11
108 11
108 11
108 11
109 11
109 11
109 11
111 11
111 11
111 11
112 11
112 11
112 11
106 12
106 12
106 12
107 12
107 12
107 12
108 12
108 12
108 12
109 12
109 12
109 12
106 13
106 13
106 13
107 13
107 13
107 13
108 13
108 13
108 13
109 13
109 13
109 13
106 14
106 14
106 14
107 14
107 14
107 14
108 14
108 14
108 14
109 14
109 14
109 14
107 15
107 15
107 15
108 15
108 15
108 15
109 15
109 15
109 15
107 16
107 16
107 16
108 16
108 16
108 16
109 16
109 16
109 16
110 16
110 16
110 16
108 17
108 17
108 17
109 17
109 17
109 17
110 17
110 17
110 17
111 17
111 17
111 17
108 18
108 18
108 18
109 18
109 18
109 18
110 18
110 18
110 18
108 19
108 19
108 19
109 19
109 19
109 19
110 19
110 19
110 19
107 20
107 20
107 20
108 20
108 20
108 20
109 20
109 20
109 20
105 21
105 21
105 21
106 21
106 21
106 21
107 21
107 21
107 21
108 21
108 21
108 21
109 21
109 21
109 21
105 22
105 22
105 22
106 22
106 22
106 22
107 22
107 22
107 22
108 22
108 22
108 22
109 22
109 22
109 22
105 23
105 23
105 23
106 23
106 23
106 23
107 23
107 23
107 23
108 23
108 23
108 23
109 23
109 23
109 23
106 24
106 24
106 24
107 24
107 24
107 24
108 24
108 24
108 24
109 24
109 24
109 24
106 25
106 25
106 25
107 25
107 25
107 25
108 25
108 25
108 25
109 25
109 25
109 25
106 26
106 26
106 26
107 26
107 26
107 26
108 26
108 26
108 26
109 26
109 26
109 26
106 27
106 27
106 27
107 27
107 27
107 27
108 27
108 27
108 27
109 27
109 27
109 27
106 28
106 28
106 28
107 28
107 28
107 28
108 28
108 28
108 28
109 28
109 28
109 28
106 29
106 29
106 29
107 29
107 29
107 29
108 29
108 29
108 29
109 29
109 29
109 29
106 30
106 30
106 30
107 30
107 30
107 30
108 30
108 30
108 30
109 30
109 30
109 30
110 30
110 30
110 30
106 31
106 31
106 31
107 31
107 31
107 31
108 31
108 31
108 31
109 31
109 31
109 31
110 31
110 31
110 31
111 31
111 31
111 31
106 32
106 32
106 32
107 32
107 32
107 32
108 32
108 32
108 32
109 32
109 32
109 32
110 32
110 32
110 32
111 32
111 32
111 32
106 33
106 33
106 33
107 33
107 33
107 33
108 33
108 33
108 33
109 33
109 33
109 33
110 33
110 33
110 33
111 33
111 33
111 33
106 34
106 34
106 34
107 34
107 34
107 34
108 34
108 34
108 34
109 34
109 34
109 34
110 34
110 34
110 34
111 34
111 34
111 34
107 35
107 35
107 35
108 35
108 35
108 35
109 35
109 35
109 35
107 36
107 36
107 36
108 36
108 36
108 36
109 36
109 36
109 36
107 37
107 37
107 37
108 37
108 37
108 37
109 37
109 37
109 37
107 38
107 38
107 38
108 38
108 38
108 38
109 38
109 38
109 38
110 38
110 38
110 38
108 39
108 39
108 39
109 39
109 39
109 39
110 39
110 39
110 39
111 39
111 39
111 39
108 40
108 40
108 40
109 40
109 40
109 40
110 40
110 40
110 40
111 40
111 40
111 40
108 41
108 41
108 41
109 41
109 41
109 41
110 41
110 41
110 41
111 41
111 41
111 41
108 42
108 42
108 42
109 42
109 42
109 42
110 42
110 42
110 42
111 42
111 42
111 42
108 43
108 43
108 43
109 43
109 43
109 43
110 43
110 43
110 43
111 43
111 43
111 43
107 44
107 44
107 44
108 44
108 44
108 44
109 44
109 44
109 44
110 44
110 44
110 44
111 44
111 44
111 44
106 45
106 45
106 45
107 45
107 45
107 45
108 45
108 45
108 45
109 45
109 45
109 45
110 45
110 45
110 45
111 45
111 45
111 45
106 46
106 46
106 46
107 46
107 46
107 46
108 46
108 46
108 46
109 46
109 46
109 46
110 46
110 46
110 46
111 46
111 46
111 46
106 47
106 47
106 47
107 47
107 47
107 47
108 47
108 47
108 47
109 47
109 47
109 47
110 47
110 47
110 47
111 47
111 47
111 47
107 48
107 48
107 48
108 48
108 48
108 48
109 48
109 48
109 48
110 48
110 48
110 48
111 48
111 48
111 48
107 49
107 49
107 49
108 49
108 49
108 49
109 49
109 49
109 49
110 49
110 49
110 49
107 50
107 50
107 50
108 50
108 50
108 50
109 50
109 50
109 50
110 50
110 50
110 50
111 50
111 50
111 50
106 51
106 51
106 51
107 51
107 51
107 51
108 51
108 51
108 51
109 51
109 51
109 51
110 51
110 51
110 51
111 51
111 51
111 51
106 52
106 52
106 52
107 52
107 52
107 52
108 52
108 52
108 52
109 52
109 52
109 52
110 52
110 52
110 52
111 52
111 52
111 52
107 53
107 53
107 53
108 53
108 53
108 53
109 53
109 53
109 53
110 53
110 53
110 53
111 53
111 53
111 53
107 54
107 54
107 54
108 54
108 54
108 54
109 54
109 54
109 54
110 54
110 54
110 54
111 54
111 54
111 54
107 55
107 55
107 55
108 55
108 55
108 55
109 55
109 55
109 55
110 55
110 55
110 55
111 55
111 55
111 55
106 56
106 56
106 56
107 56
107 56
107 56
108 56
108 56
108 56
109 56
109 56
109 56
110 56
110 56
110 56
111 56
111 56
111 56
106 57
106 57
106 57
107 57
107 57
107 57
108 57
108 57
108 57
109 57
109 57
109 57
105 58
105 58
105 58
106 58
106 58
106 58
107 58
107 58
107 58
108 58
108 58
108 58
105 59
105 59
105 59
106 59
106 59
106 59
107 59
107 59
107 59
108 59
108 59
108 59
106 60
106 60
106 60
107 60
107 60
107 60
108 60
108 60
108 60
106 61
106 61
106 61
107 61
107 61
107 61
108 61
108 61
108 61
106 62
106 62
106 62
107 62
107 62
107 62
108 62
108 62
108 62
109 62
109 62
109 62
106 63
106 63
106 63
107 63
107 63
107 63
108 63
108 63
108 63
109 63
109 63
109 63
106 64
106 64
106 64
107 64
107 64
107 64
108 64
108 64
108 64
109 64
109 64
109 64
106 65
106 65
106 65
107 65
107 65
107 65
108 65
108 65
108 65
105 66
105 66
105 66
106 66
106 66
106 66
107 66
107 66
107 66
108 66
108 66
108 66
105 67
105 67
105 67
106 67
106 67
106 67
107 67
107 67
107 67
108 67
108 67
108 67
105 68
105 68
105 68
106 68
106 68
106 68
107 68
107 68
107 68
108 68
108 68
108 68
105 69
105 69
105 69
106 69
106 69
106 69
107 69
107 69
107 69
108 69
108 69
108 69
105 70
105 70
105 70
106 70
106 70
106 70
107 70
107 70
107 70
108 70
108 70
108 70
106 71
106 71
106 71
107 71
107 71
107 71
108 71
108 71
108 71
106 72
106 72
106 72
107 72
107 72
107 72
108 72
108 72
108 72
105 73
105 73
105 73
106 73
106 73
106 73
107 73
107 73
107 73
108 73
108 73
108 73
105 74
105 74
105 74
106 74
106 74
106 74
107 74
107 74
107 74
108 74
108 74
108 74
105 75
105 75
105 75
106 75
106 75
106 75
107 75
107 75
107 75
108 75
108 75
108 75
105 76
105 76
105 76
106 76
106 76
106 76
107 76
107 76
107 76
108 76
108 76
108 76
105 77
105 77
105 77
106 77
106 77
106 77
107 77
107 77
107 77
108 77
108 77
108 77
106 78
106 78
106 78
107 78
107 78
107 78
108 78
108 78
108 78
106 79
106 79
106 79
107 79
107 79
107 79
108 79
108 79
108 79
106 80
106 80
106 80
107 80
107 80
107 80
108 80
108 80
108 80
106 81
106 81
106 81
107 81
107 81
107 81
108 81
108 81
108 81
105 82
105 82
105 82
106 82
106 82
106 82
107 82
107 82
107 82
104 83
104 83
104 83
105 83
105 83
105 83
106 83
106 83
106 83
107 83
107 83
107 83
104 84
104 84
104 84
105 84
105 84
105 84
106 84
106 84
106 84
107 84
107 84
107 84
105 85
105 85
105 85
106 85
106 85
106 85
107 85
107 85
107 85
105 86
105 86
105 86
106 86
106 86
106 86
107 86
107 86
107 86
108 86
108 86
108 86
105 87
105 87
105 87
106 87
106 87
106 87
107 87
107 87
107 87
108 87
108 87
108 87
105 88
105 88
105 88
106 88
106 88
106 88
107 88
107 88
107 88
108 88
108 88
108 88
105 89
105 89
105 89
106 89
106 89
106 89
107 89
107 89
107 89
104 90
104 90
104 90
105 90
105 90
105 90
106 90
106 90
106 90
107 90
107 90
107 90
104 91
104 91
104 91
105 91
105 91
105 91
106 91
106 91
106 91
107 91
107 91
107 91
104 92
104 92
104 92
105 92
105 92
105 92
106 92
106 92
106 92
107 92
107 92
107 92
104 93
104 93
104 93
105 93
105 93
105 93
106 93
106 93
106 93
107 93
107 93
107 93
104 94
104 94
104 94
105 94
105 94
105 94
106 94
106 94
106 94
104 95
104 95
104 95
105 95
105 95
105 95
106 95
106 95
106 95
104 96
104 96
104 96
105 96
105 96
105 96
106 96
106 96
106 96
104 97
104 97
104 97
105 97
105 97
105 97
106 97
106 97
106 97
104 98
104 98
104 98
105 98
105 98
105 98
106 98
106 98
106 98
104 99
104 99
104 99
105 99
105 99
105 99
106 99
106 99
106 99
107 99
107 99
107 99
104 100
104 100
104 100
105 100
105 100
105 100
106 100
106 100
106 100
107 100
107 100
107 100
104 101
104 101
104 101
105 101
105 101
105 101
106 101
106 101
106 101
104 102
104 102
104 102
105 102
105 102
105 102
106 102
106 102
106 102
103 103
103 103
103 103
104 103
104 103
104 103
105 103
105 103
105 103
106 103
106 103
106 103
103 104
103 104
103 104
104 104
104 104
104 104
105 104
105 104
105 104
106 104
106 104
106 104
103 105
103 105
103 105
104 105
104 105
104 105
105 105
105 105
105 105
106 105
106 105
106 105
103 106
103 106
103 106
104 106
104 106
104 106
105 106
105 106
105 106
103 107
103 107
103 107
104 107
104 107
104 107
105 107
105 107
105 107
103 108
103 108
103 108
104 108
104 108
104 108
105 108
105 108
105 108
103 109
103 109
103 109
104 109
104 109
104 109
105 109
105 109
105 109
104 110
104 110
104 110
105 110
105 110
105 110
104 111
104 111
104 111
105 111
105 111
105 111
106 111
106 111
106 111
107 111
107 111
107 111
104 112
104 112
104 112
105 112
105 112
105 112
106 112
106 112
106 112
107 112
107 112
107 112
104 113
104 113
104 113
105 113
105 113
105 113
106 113
106 113
106 113
107 113
107 113
107 113
104 114
104 114
104 114
105 114
105 114
105 114
106 114
106 114
106 114
107 114
107 114
107 114
103 115
103 115
103 115
104 115
104 115
104 115
105 115
105 115
105 115
106 115
106 115
106 115
103 116
103 116
103 116
104 116
104 116
104 116
105 116
105 116
105 116
102 117
102 117
102 117
103 117
103 117
103 117
104 117
104 117
104 117
105 117
105 117
105 117
102 118
102 118
102 118
103 118
103 118
103 118
104 118
104 118
104 118
105 118
105 118
105 118
103 119
103 119
103 119
104 119
104 119
104 119
105 119
105 119
105 119
103 120
103 120
103 120
104 120
104 120
104 120
105 120
105 120
105 120
106 120
106 120
106 120
103 121
103 121
103 121
104 121
104 121
104 121
105 121
105 121
105 121
106 121
106 121
106 121
107 121
107 121
107 121
103 122
103 122
103 122
104 122
104 122
104 122
105 122
105 122
105 122
106 122
106 122
106 122
107 122
107 122
107 122
103 123
103 123
103 123
104 123
104 123
104 123
105 123
105 123
105 123
106 123
106 123
106 123
103 124
103 124
103 124
104 124
104 124
104 124
105 124
105 124
105 124
103 125
103 125
103 125
104 125
104 125
104 125
105 125
105 125
105 125
103 126
103 126
103 126
104 126
104 126
104 126
105 126
105 126
105 126
103 127
103 127
103 127
104 127
104 127
104 127
105 127
105 127
105 127
102 128
102 128
102 128
103 128
103 128
103 128
104 128
104 128
104 128
102 129
102 129
102 129
103 129
103 129
103 129
104 129
104 129
104 129
102 130
102 130
102 130
103 130
103 130
103 130
104 130
104 130
104 130
102 131
102 131
102 131
103 131
103 131
103 131
104 131
104 131
104 131
102 132
102 132
102 132
103 132
103 132
103 132
104 132
104 132
104 132
105 132
105 132
105 132
102 133
102 133
102 133
103 133
103 133
103 133
104 133
104 133
104 133
102 134
102 134
102 134
103 134
103 134
103 134
104 134
104 134
104 134
101 135
101 135
101 135
102 135
102 135
102 135
103 135
103 135
103 135
104 135
104 135
104 135
101 136
101 136
101 136
102 136
102 136
102 136
103 136
103 136
103 136
104 136
104 136
104 136
101 137
101 137
101 137
102 137
102 137
102 137
103 137
103 137
103 137
101 138
101 138
101 138
102 138
102 138
102 138
103 138
103 138
103 138
104 138
104 138
104 138
101 139
101 139
101 139
102 139
102 139
102 139
103 139
103 139
103 139
104 139
104 139
104 139
101 140
101 140
101 140
102 140
102 140
102 140
103 140
103 140
103 140
104 140
104 140
104 140
102 141
102 141
102 141
103 141
103 141
103 141
104 141
104 141
104 141
102 142
102 142
102 142
103 142
103 142
103 142
104 142
104 142
104 142
101 143
101 143
101 143
102 143
102 143
102 143
103 143
103 143
103 143
104 143
104 143
104 143
101 144
101 144
101 144
102 144
102 144
102 144
103 144
103 144
103 144
104 144
104 144
104 144
101 145
101 145
101 145
102 145
102 145
102 145
103 145
103 145
103 145
104 145
104 145
104 145
101 146
101 146
101 146
102 146
102 146
102 146
103 146
103 146
103 146
104 146
104 146
104 146
101 147
101 147
101 147
102 147
102 147
102 147
103 147
103 147
103 147
100 148
100 148
100 148
101 148
101 148
101 148
102 148
102 148
102 148
103 148
103 148
103 148
100 149
100 149
100 149
101 149
101 149
101 149
102 149
102 149
102 149
103 149
103 149
103 149
101 150
101 150
101 150
102 150
102 150
102 150
103 150
103 150
103 150
101 151
101 151
101 151
102 151
102 151
102 151
103 151
103 151
103 151
101 152
101 152
101 152
102 152
102 152
102 152
103 152
103 152
103 152
101 153
101 153
101 153
102 153
102 153
102 153
103 153
103 153
103 153
100 154
100 154
100 154
101 154
101 154
101 154
102 154
102 154
102 154
100 155
100 155
100 155
101 155
101 155
101 155
102 155
102 155
102 155
100 156
100 156
100 156
101 156
101 156
101 156
102 156
102 156
102 156
100 157
100 157
100 157
101 157
101 157
101 157
102 157
102 157
102 157
103 157
103 157
103 157
100 158
100 158
100 158
101 158
101 158
101 158
102 158
102 158
102 158
103 158
103 158
103 158
100 159
100 159
100 159
101 159
101 159
101 159
102 159
102 159
102 159
100 160
100 160
100 160
101 160
101 160
101 160
102 160
102 160
102 160
100 161
100 161
100 161
101 161
101 161
101 161
102 161
102 161
102 161
99 162
99 162
99 162
100 162
100 162
100 162
101 162
101 162
101 162
102 162
102 162
102 162
99 163
99 163
99 163
100 163
100 163
100 163
101 163
101 163
101 163
102 163
102 163
102 163
99 164
99 164
99 164
100 164
100 164
100 164
101 164
101 164
101 164
102 164
102 164
102 164
99 165
99 165
99 165
100 165
100 165
100 165
101 165
101 165
101 165
102 165
102 165
102 165
99 166
99 166
99 166
100 166
100 166
100 166
101 166
101 166
101 166
102 166
102 166
102 166
99 167
99 167
99 167
100 167
100 167
100 167
101 167
101 167
101 167
102 167
102 167
102 167
99 168
99 168
99 168
100 168
100 168
100 168
101 168
101 168
101 168
99 169
99 169
99 169
100 169
100 169
100 169
101 169
101 169
101 169
98 170
98 170
98 170
99 170
99 170
99 170
100 170
100 170
100 170
101 170
101 170
101 170
98 171
98 171
98 171
99 171
99 171
99 171
100 171
100 171
100 171
101 171
101 171
101 171
98 172
98 172
98 172
99 172
99 172
99 172
100 172
100 172
100 172
98 173
98 173
98 173
99 173
99 173
99 173
100 173
100 173
100 173
98 174
98 174
98 174
99 174
99 174
99 174
100 174
100 174
100 174
101 174
101 174
101 174
98 175
98 175
98 175
99 175
99 175
99 175
100 175
100 175
100 175
101 175
101 175
101 175
98 176
98 176
98 176
99 176
99 176
99 176
100 176
100 176
100 176
101 176
101 176
101 176
99 177
99 177
99 177
100 177
100 177
100 177
101 177
101 177
101 177
98 178
98 178
98 178
99 178
99 178
99 178
100 178
100 178
100 178
101 178
101 178
101 178
98 179
98 179
98 179
99 179
99 179
99 179
100 179
100 179
100 179
101 179
101 179
101 179
98 180
98 180
98 180
99 180
99 180
99 180
100 180
100 180
100 180
97 181
97 181
97 181
98 181
98 181
98 181
99 181
99 181
99 181
100 181
100 181
100 181
97 182
97 182
97 182
98 182
98 182
98 182
99 182
99 182
99 182
100 182
100 182
100 182
97 183
97 183
97 183
98 183
98 183
98 183
99 183
99 183
99 183
100 183
100 183
100 183
97 184
97 184
97 184
98 184
98 184
98 184
99 184
99 184
99 184
100 184
100 184
100 184
97 185
97 185
97 185
98 185
98 185
98 185
99 185
99 185
99 185
100 185
100 185
100 185
97 186
97 186
97 186
98 186
98 186
98 186
99 186
99 186
99 186
100 186
100 186
100 186
98 187
98 187
98 187
99 187
99 187
99 187
100 187
100 187
100 187
97 188
97 188
97 188
98 188
98 188
98 188
99 188
99 188
99 188
100 188
100 188
100 188
97 189
97 189
97 189
98 189
98 189
98 189
99 189
99 189
99 189
100 189
100 189
100 189
97 190
97 190
97 190
98 190
98 190
98 190
99 190
99 190
99 190
96 191
96 191
96 191
97 191
97 191
97 191
98 191
98 191
98 191
99 191
99 191
99 191
96 192
96 192
96 192
97 192
97 192
97 192
98 192
98 192
98 192
99 192
99 192
99 192
96 193
96 193
96 193
97 193
97 193
97 193
98 193
98 193
98 193
99 193
99 193
99 193
96 194
96 194
96 194
97 194
97 194
97 194
98 194
98 194
98 194
99 194
99 194
99 194
96 195
96 195
96 195
97 195
97 195
97 195
98 195
98 195
98 195
99 195
99 195
99 195
97 196
97 196
97 196
98 196
98 196
98 196
99 196
99 196
99 196
97 197
97 197
97 197
98 197
98 197
98 197
99 197
99 197
99 197
100 197
100 197
100 197
96 198
96 198
96 198
97 198
97 198
97 198
98 198
98 198
98 198
99 198
99 198
99 198
96 199
96 199
96 199
97 199
97 199
97 199
98 199
98 199
98 199
96 200
96 200
96 200
97 200
97 200
97 200
98 200
98 200
98 200
96 201
96 201
96 201
97 201
97 201
97 201
98 201
98 201
98 201
96 202
96 202
96 202
97 202
97 202
97 202
98 202
98 202
98 202
95 203
95 203
95 203
96 203
96 203
96 203
97 203
97 203
97 203
98 203
98 203
98 203
95 204
95 204
95 204
96 204
96 204
96 204
97 204
97 204
97 204
98 204
98 204
98 204
95 205
95 205
95 205
96 205
96 205
96 205
97 205
97 205
97 205
98 205
98 205
98 205
95 206
95 206
95 206
96 206
96 206
96 206
97 206
97 206
97 206
98 206
98 206
98 206
95 207
95 207
95 207
96 207
96 207
96 207
97 207
97 207
97 207
98 207
98 207
98 207
95 208
95 208
95 208
96 208
96 208
96 208
97 208
97 208
97 208
95 209
95 209
95 209
96 209
96 209
96 209
97 209
97 209
97 209
95 210
95 210
95 210
96 210
96 210
96 210
97 210
97 210
97 210
94 211
94 211
94 211
95 211
95 211
95 211
96 211
96 211
96 211
97 211
97 211
97 211
94 212
94 212
94 212
95 212
95 212
95 212
96 212
96 212
96 212
97 212
97 212
97 212
94 213
94 213
94 213
95 213
95 213
95 213
96 213
96 213
96 213
97 213
97 213
97 213
94 214
94 214
94 214
95 214
95 214
95 214
96 214
96 214
96 214
97 214
97 214
97 214
94 215
94 215
94 215
95 215
95 215
95 215
96 215
96 215
96 215
97 215
97 215
97 215
94 216
94 216
94 216
95 216
95 216
95 216
96 216
96 216
96 216
97 216
97 216
97 216
94 217
94 217
94 217
95 217
95 217
95 217
96 217
96 217
96 217
97 217
97 217
97 217
94 218
94 218
94 218
95 218
95 218
95 218
96 218
96 218
96 218
97 218
97 218
97 218
94 219
94 219
94 219
95 219
95 219
95 219
96 219
96 219
96 219
94 220
94 220
94 220
95 220
95 220
95 220
96 220
96 220
96 220
93 221
93 221
93 221
94 221
94 221
94 221
95 221
95 221
95 221
96 221
96 221
96 221
93 222
93 222
93 222
94 222
94 222
94 222
95 222
95 222
95 222
96 222
96 222
96 222
93 223
93 223
93 223
94 223
94 223
94 223
95 223
95 223
95 223
96 223
96 223
96 223
93 224
93 224
93 224
94 224
94 224
94 224
95 224
95 224
95 224
96 224
96 224
96 224
93 225
93 225
93 225
94 225
94 225
94 225
95 225
95 225
95 225
96 225
96 225
96 225
93 226
93 226
93 226
94 226
94 226
94 226
95 226
95 226
95 226
96 226
96 226
96 226
93 227
93 227
93 227
94 227
94 227
94 227
95 227
95 227
95 227
96 227
96 227
96 227
92 228
92 228
92 228
93 228
93 228
93 228
94 228
94 228
94 228
95 228
95 228
95 228
92 229
92 229
92 229
93 229
93 229
93 229
94 229
94 229
94 229
95 229
95 229
95 229
92 230
92 230
92 230
93 230
93 230
93 230
94 230
94 230
94 230
95 230
95 230
95 230
92 231
92 231
92 231
93 231
93 231
93 231
94 231
94 231
94 231
95 231
95 231
95 231
92 232
92 232
92 232
93 232
93 232
93 232
94 232
94 232
94 232
95 232
95 232
95 232
92 233
92 233
92 233
93 233
93 233
93 233
94 233
94 233
94 233
92 234
92 234
92 234
93 234
93 234
93 234
94 234
94 234
94 234
92 235
92 235
92 235
93 235
93 235
93 235
94 235
94 235
94 235
92 236
92 236
92 236
93 236
93 236
93 236
94 236
94 236
94 236
92 237
92 237
92 237
93 237
93 237
93 237
94 237
94 237
94 237
91 238
91 238
91 238
92 238
92 238
92 238
93 238
93 238
93 238
94 238
94 238
94 238
91 239
91 239
91 239
92 239
92 239
92 239
93 239
93 239
93 239
94 239
94 239
94 239
91 240
91 240
91 240
92 240
92 240
92 240
93 240
93 240
93 240
94 240
94 240
94 240
95 240
95 240
95 240
91 241
91 241
91 241
92 241
92 241
92 241
93 241
93 241
93 241
94 241
94 241
94 241
95 241
95 241
95 241
91 242
91 242
91 242
92 242
92 242
92 242
93 242
93 242
93 242
94 242
94 242
94 242
91 243
91 243
91 243
92 243
92 243
92 243
93 243
93 243
93 243
94 243
94 243
94 243
91 244
91 244
91 244
92 244
92 244
92 244
93 244
93 244
93 244
90 245
90 245
90 245
91 245
91 245
91 245
92 245
92 245
92 245
93 245
93 245
93 245
90 246
90 246
90 246
91 246
91 246
91 246
92 246
92 246
92 246
93 246
93 246
93 246
90 247
90 247
90 247
91 247
91 247
91 247
92 247
92 247
92 247
93 247
93 247
93 247
90 248
90 248
90 248
91 248
91 248
91 248
92 248
92 248
92 248
93 248
93 248
93 248
90 249
90 249
90 249
91 249
91 249
91 249
92 249
92 249
92 249
93 249
93 249
93 249
90 250
90 250
90 250
91 250
91 250
91 250
92 250
92 250
92 250
93 250
93 250
93 250
90 251
90 251
90 251
91 251
91 251
91 251
92 251
92 251
92 251
90 252
90 252
90 252
91 252
91 252
91 252
92 252
92 252
92 252
89 253
89 253
89 253
90 253
90 253
90 253
91 253
91 253
91 253
92 253
92 253
92 253
89 254
89 254
89 254
90 254
90 254
90 254
91 254
91 254
91 254
92 254
92 254
92 254
89 255
89 255
89 255
90 255
90 255
90 255
91 255
91 255
91 255
92 255
92 255
92 255
89 256
89 256
89 256
90 256
90 256
90 256
91 256
91 256
91 256
92 256
92 256
92 256
89 257
89 257
89 257
90 257
90 257
90 257
91 257
91 257
91 257
92 257
92 257
92 257
89 258
89 258
89 258
90 258
90 258
90 258
91 258
91 258
91 258
92 258
92 258
92 258
89 259
89 259
89 259
90 259
90 259
90 259
91 259
91 259
91 259
92 259
92 259
92 259
88 260
88 260
88 260
89 260
89 260
89 260
90 260
90 260
90 260
91 260
91 260
91 260
92 260
92 260
92 260
88 261
88 261
88 261
89 261
89 261
89 261
90 261
90 261
90 261
91 261
91 261
91 261
92 261
92 261
92 261
89 262
89 262
89 262
90 262
90 262
90 262
91 262
91 262
91 262
92 262
92 262
92 262
88 263
88 263
88 263
89 263
89 263
89 263
90 263
90 263
90 263
91 263
91 263
91 263
88 264
88 264
88 264
89 264
89 264
89 264
90 264
90 264
90 264
91 264
91 264
91 264
88 265
88 265
88 265
89 265
89 265
89 265
90 265
90 265
90 265
91 265
91 265
91 265
88 266
88 266
88 266
89 266
89 266
89 266
90 266
90 266
90 266
91 266
91 266
91 266
88 267
88 267
88 267
89 267
89 267
89 267
90 267
90 267
90 267
91 267
91 267
91 267
88 268
88 268
88 268
89 268
89 268
89 268
90 268
90 268
90 268
87 269
87 269
87 269
88 269
88 269
88 269
89 269
89 269
89 269
90 269
90 269
90 269
87 270
87 270
87 270
88 270
88 270
88 270
89 270
89 270
89 270
90 270
90 270
90 270
87 271
87 271
87 271
88 271
88 271
88 271
89 271
89 271
89 271
90 271
90 271
90 271
87 272
87 272
87 272
88 272
88 272
88 272
89 272
89 272
89 272
90 272
90 272
90 272
87 273
87 273
87 273
88 273
88 273
88 273
89 273
89 273
89 273
90 273
90 273
90 273
87 274
87 274
87 274
88 274
88 274
88 274
89 274
89 274
89 274
86 275
86 275
86 275
87 275
87 275
87 275
88 275
88 275
88 275
89 275
89 275
89 275
86 276
86 276
86 276
87 276
87 276
87 276
88 276
88 276
88 276
89 276
89 276
89 276
86 277
86 277
86 277
87 277
87 277
87 277
88 277
88 277
88 277
89 277
89 277
89 277
86 278
86 278
86 278
87 278
87 278
87 278
88 278
88 278
88 278
89 278
89 278
89 278
86 279
86 279
86 279
87 279
87 279
87 279
88 279
88 279
88 279
89 279
89 279
89 279
85 280
85 280
85 280
86 280
86 280
86 280
87 280
87 280
87 280
88 280
88 280
88 280
85 281
85 281
85 281
86 281
86 281
86 281
87 281
87 281
87 281
88 281
88 281
88 281
85 282
85 282
85 282
86 282
86 282
86 282
87 282
87 282
87 282
88 282
88 282
88 282
89 282
89 282
89 282
85 283
85 283
85 283
86 283
86 283
86 283
87 283
87 283
87 283
88 283
88 283
88 283
85 284
85 284
85 284
86 284
86 284
86 284
87 284
87 284
87 284
88 284
88 284
88 284
85 285
85 285
85 285
86 285
86 285
86 285
87 285
87 285
87 285
88 285
88 285
88 285
85 286
85 286
85 286
86 286
86 286
86 286
87 286
87 286
87 286
88 286
88 286
88 286
85 287
85 287
85 287
86 287
86 287
86 287
87 287
87 287
87 287
88 287
88 287
88 287
85 288
85 288
85 288
86 288
86 288
86 288
87 288
87 288
87 288
84 289
84 289
84 289
85 289
85 289
85 289
86 289
86 289
86 289
87 289
87 289
87 289
83 290
83 290
83 290
84 290
84 290
84 290
85 290
85 290
85 290
86 290
86 290
86 290
83 291
83 291
83 291
84 291
84 291
84 291
85 291
85 291
85 291
86 291
86 291
86 291
87 291
87 291
87 291
84 292
84 292
84 292
85 292
85 292
85 292
86 292
86 292
86 292
87 292
87 292
87 292
84 293
84 293
84 293
85 293
85 293
85 293
86 293
86 293
86 293
87 293
87 293
87 293
84 294
84 294
84 294
85 294
85 294
85 294
86 294
86 294
86 294
87 294
87 294
87 294
84 295
84 295
84 295
85 295
85 295
85 295
86 295
86 295
86 295
83 296
83 296
83 296
84 296
84 296
84 296
85 296
85 296
85 296
86 296
86 296
86 296
83 297
83 297
83 297
84 297
84 297
84 297
85 297
85 297
85 297
86 297
86 297
86 297
83 298
83 298
83 298
84 298
84 298
84 298
85 298
85 298
85 298
86 298
86 298
86 298
83 299
83 299
83 299
84 299
84 299
84 299
85 299
85 299
85 299
86 299
86 299
86 299
83 300
83 300
83 300
84 300
84 300
84 300
85 300
85 300
85 300
86 300
86 300
86 300
83 301
83 301
83 301
84 301
84 301
84 301
85 301
85 301
85 301
86 301
86 301
86 301
82 302
82 302
82 302
83 302
83 302
83 302
84 302
84 302
84 302
85 302
85 302
85 302
82 303
82 303
82 303
83 303
83 303
83 303
84 303
84 303
84 303
85 303
85 303
85 303
82 304
82 304
82 304
83 304
83 304
83 304
84 304
84 304
84 304
85 304
85 304
85 304
82 305
82 305
82 305
83 305
83 305
83 305
84 305
84 305
84 305
85 305
85 305
85 305
82 306
82 306
82 306
83 306
83 306
83 306
84 306
84 306
84 306
85 306
85 306
85 306
82 307
82 307
82 307
83 307
83 307
83 307
84 307
84 307
84 307
85 307
85 307
85 307
82 308
82 308
82 308
83 308
83 308
83 308
84 308
84 308
84 308
82 309
82 309
82 309
83 309
83 309
83 309
84 309
84 309
84 309
81 310
81 310
81 310
82 310
82 310
82 310
83 310
83 310
83 310
84 310
84 310
84 310
81 311
81 311
81 311
82 311
82 311
82 311
83 311
83 311
83 311
84 311
84 311
84 311
81 312
81 312
81 312
82 312
82 312
82 312
83 312
83 312
83 312
84 312
84 312
84 312
81 313
81 313
81 313
82 313
82 313
82 313
83 313
83 313
83 313
80 314
80 314
80 314
81 314
81 314
81 314
82 314
82 314
82 314
83 314
83 314
83 314
80 315
80 315
80 315
81 315
81 315
81 315
82 315
82 315
82 315
83 315
83 315
83 315
80 316
80 316
80 316
81 316
81 316
81 316
82 316
82 316
82 316
83 316
83 316
83 316
80 317
80 317
80 317
81 317
81 317
81 317
82 317
82 317
82 317
83 317
83 317
83 317
80 318
80 318
80 318
81 318
81 318
81 318
82 318
82 318
82 318
83 318
83 318
83 318
80 319
80 319
80 319
81 319
81 319
81 319
82 319
82 319
82 319
83 319
83 319
83 319
80 320
80 320
80 320
81 320
81 320
81 320
82 320
82 320
82 320
80 321
80 321
80 321
81 321
81 321
81 321
82 321
82 321
82 321
79 322
79 322
79 322
80 322
80 322
80 322
81 322
81 322
81 322
82 322
82 322
82 322
79 323
79 323
79 323
80 323
80 323
80 323
81 323
81 323
81 323
82 323
82 323
82 323
79 324
79 324
79 324
80 324
80 324
80 324
81 324
81 324
81 324
82 324
82 324
82 324
79 325
79 325
79 325
80 325
80 325
80 325
81 325
81 325
81 325
82 325
82 325
82 325
79 326
79 326
79 326
80 326
80 326
80 326
81 326
81 326
81 326
82 326
82 326
82 326
78 327
78 327
78 327
79 327
79 327
79 327
80 327
80 327
80 327
81 327
81 327
81 327
78 328
78 328
78 328
79 328
79 328
79 328
80 328
80 328
80 328
81 328
81 328
81 328
78 329
78 329
78 329
79 329
79 329
79 329
80 329
80 329
80 329
81 329
81 329
81 329
78 330
78 330
78 330
79 330
79 330
79 330
80 330
80 330
80 330
81 330
81 330
81 330
77 331
77 331
77 331
78 331
78 331
78 331
79 331
79 331
79 331
80 331
80 331
80 331
81 331
81 331
81 331
77 332
77 332
77 332
78 332
78 332
78 332
79 332
79 332
79 332
80 332
80 332
80 332
77 333
77 333
77 333
78 333
78 333
78 333
79 333
79 333
79 333
80 333
80 333
80 333
81 333
81 333
81 333
77 334
77 334
77 334
78 334
78 334
78 334
79 334
79 334
79 334
80 334
80 334
80 334
81 334
81 334
81 334
82 334
82 334
82 334
77 335
77 335
77 335
78 335
78 335
78 335
79 335
79 335
79 335
80 335
80 335
80 335
81 335
81 335
81 335
77 336
77 336
77 336
78 336
78 336
78 336
79 336
79 336
79 336
80 336
80 336
80 336
81 336
81 336
81 336
77 337
77 337
77 337
78 337
78 337
78 337
79 337
79 337
79 337
80 337
80 337
80 337
77 338
77 338
77 338
78 338
78 338
78 338
79 338
79 338
79 338
80 338
80 338
80 338
76 339
76 339
76 339
77 339
77 339
77 339
78 339
78 339
78 339
79 339
79 339
79 339
76 340
76 340
76 340
77 340
77 340
77 340
78 340
78 340
78 340
79 340
79 340
79 340
76 341
76 341
76 341
77 341
77 341
77 341
78 341
78 341
78 341
79 341
79 341
79 341
76 342
76 342
76 342
77 342
77 342
77 342
78 342
78 342
78 342
79 342
79 342
79 342
76 343
76 343
76 343
77 343
77 343
77 343
78 343
78 343
78 343
79 343
79 343
79 343
76 344
76 344
76 344
77 344
77 344
77 344
78 344
78 344
78 344
79 344
79 344
79 344
75 345
75 345
75 345
76 345
76 345
76 345
77 345
77 345
77 345
78 345
78 345
78 345
75 346
75 346
75 346
76 346
76 346
76 346
77 346
77 346
77 346
78 346
78 346
78 346
75 347
75 347
75 347
76 347
76 347
76 347
77 347
77 347
77 347
78 347
78 347
78 347
75 348
75 348
75 348
76 348
76 348
76 348
77 348
77 348
77 348
78 348
78 348
78 348
75 349
75 349
75 349
76 349
76 349
76 349
77 349
77 349
77 349
78 349
78 349
78 349
74 350
74 350
74 350
75 350
75 350
75 350
76 350
76 350
76 350
77 350
77 350
77 350
78 350
78 350
78 350
74 351
74 351
74 351
75 351
75 351
75 351
76 351
76 351
76 351
77 351
77 351
77 351
78 351
78 351
78 351
79 351
79 351
79 351
74 352
74 352
74 352
75 352
75 352
75 352
76 352
76 352
76 352
77 352
77 352
77 352
78 352
78 352
78 352
74 353
74 353
74 353
75 353
75 353
75 353
76 353
76 353
76 353
77 353
77 353
77 353
74 354
74 354
74 354
75 354
75 354
75 354
76 354
76 354
76 354
77 354
77 354
77 354
74 355
74 355
74 355
75 355
75 355
75 355
76 355
76 355
76 355
77 355
77 355
77 355
73 356
73 356
73 356
74 356
74 356
74 356
75 356
75 356
75 356
76 356
76 356
76 356
73 357
73 357
73 357
74 357
74 357
74 357
75 357
75 357
75 357
76 357
76 357
76 357
73 358
73 358
73 358
74 358
74 358
74 358
75 358
75 358
75 358
76 358
76 358
76 358
72 359
72 359
72 359
73 359
73 359
73 359
74 359
74 359
74 359
75 359
75 359
75 359
76 359
76 359
76 359
72 360
72 360
72 360
73 360
73 360
73 360
74 360
74 360
74 360
75 360
75 360
75 360
76 360
76 360
76 360
72 361
72 361
72 361
73 361
73 361
73 361
74 361
74 361
74 361
75 361
75 361
75 361
72 362
72 362
72 362
73 362
73 362
73 362
74 362
74 362
74 362
75 362
75 362
75 362
72 363
72 363
72 363
73 363
73 363
73 363
74 363
74 363
74 363
75 363
75 363
75 363
72 364
72 364
72 364
73 364
73 364
73 364
74 364
74 364
74 364
75 364
75 364
75 364
72 365
72 365
72 365
73 365
73 365
73 365
74 365
74 365
74 365
75 365
75 365
75 365
71 366
71 366
71 366
72 366
72 366
72 366
73 366
73 366
73 366
74 366
74 366
74 366
71 367
71 367
71 367
72 367
72 367
72 367
73 367
73 367
73 367
74 367
74 367
74 367
71 368
71 368
71 368
72 368
72 368
72 368
73 368
73 368
73 368
74 368
74 368
74 368
75 368
75 368
75 368
71 369
71 369
71 369
72 369
72 369
72 369
73 369
73 369
73 369
74 369
74 369
74 369
75 369
75 369
75 369
71 370
71 370
71 370
72 370
72 370
72 370
73 370
73 370
73 370
74 370
74 370
74 370
70 371
70 371
70 371
71 371
71 371
71 371
72 371
72 371
72 371
73 371
73 371
73 371
74 371
74 371
74 371
70 372
70 372
70 372
71 372
71 372
71 372
72 372
72 372
72 372
73 372
73 372
73 372
70 373
70 373
70 373
71 373
71 373
71 373
72 373
72 373
72 373
73 373
73 373
73 373
70 374
70 374
70 374
71 374
71 374
71 374
72 374
72 374
72 374
73 374
73 374
73 374
70 375
70 375
70 375
71 375
71 375
71 375
72 375
72 375
72 375
73 375
73 375
73 375
70 376
70 376
70 376
71 376
71 376
71 376
72 376
72 376
72 376
73 376
73 376
73 376
69 377
69 377
69 377
70 377
70 377
70 377
71 377
71 377
71 377
72 377
72 377
72 377
69 378
69 378
69 378
70 378
70 378
70 378
71 378
71 378
71 378
72 378
72 378
72 378
69 379
69 379
69 379
70 379
70 379
70 379
71 379
71 379
71 379
72 379
72 379
72 379
73 379
73 379
73 379
69 380
69 380
69 380
70 380
70 380
70 380
71 380
71 380
71 380
72 380
72 380
72 380
69 381
69 381
69 381
70 381
70 381
70 381
71 381
71 381
71 381
72 381
72 381
72 381
68 382
68 382
68 382
69 382
69 382
69 382
70 382
70 382
70 382
71 382
71 382
71 382
68 383
68 383
68 383
69 383
69 383
69 383
70 383
70 383
70 383
71 383
71 383
71 383
68 384
68 384
68 384
69 384
69 384
69 384
70 384
70 384
70 384
71 384
71 384
71 384
68 385
68 385
68 385
69 385
69 385
69 385
70 385
70 385
70 385
71 385
71 385
71 385
68 386
68 386
68 386
69 386
69 386
69 386
70 386
70 386
70 386
71 386
71 386
71 386
68 387
68 387
68 387
69 387
69 387
69 387
70 387
70 387
70 387
71 387
71 387
71 387
67 388
67 388
67 388
68 388
68 388
68 388
69 388
69 388
69 388
70 388
70 388
70 388
71 388
71 388
71 388
67 389
67 389
67 389
68 389
68 389
68 389
69 389
69 389
69 389
70 389
70 389
70 389
71 389
71 389
71 389
67 390
67 390
67 390
68 390
68 390
68 390
69 390
69 390
69 390
70 390
70 390
70 390
67 391
67 391
67 391
68 391
68 391
68 391
69 391
69 391
69 391
70 391
70 391
70 391
67 392
67 392
67 392
68 392
68 392
68 392
69 392
69 392
69 392
70 392
70 392
70 392
66 393
66 393
66 393
67 393
67 393
67 393
68 393
68 393
68 393
69 393
69 393
69 393
70 393
70 393
70 393
66 394
66 394
66 394
67 394
67 394
67 394
68 394
68 394
68 394
69 394
69 394
69 394
66 395
66 395
66 395
67 395
67 395
67 395
68 395
68 395
68 395
69 395
69 395
69 395
65 396
65 396
65 396
66 396
66 396
66 396
67 396
67 396
67 396
68 396
68 396
68 396
65 397
65 397
65 397
66 397
66 397
66 397
67 397
67 397
67 397
68 397
68 397
68 397
69 397
69 397
69 397
65 398
65 398
65 398
66 398
66 398
66 398
67 398
67 398
67 398
68 398
68 398
68 398
69 398
69 398
69 398
65 399
65 399
65 399
66 399
66 399
66 399
67 399
67 399
67 399
68 399
68 399
68 399
69 399
69 399
69 399
65 400
65 400
65 400
66 400
66 400
66 400
67 400
67 400
67 400
68 400
68 400
68 400
69 400
69 400
69 400
65 401
65 401
65 401
66 401
66 401
66 401
67 401
67 401
67 401
68 401
68 401
68 401
65 402
65 402
65 402
66 402
66 402
66 402
67 402
67 402
67 402
64 403
64 403
64 403
65 403
65 403
65 403
66 403
66 403
66 403
67 403
67 403
67 403
64 404
64 404
64 404
65 404
65 404
65 404
66 404
66 404
66 404
67 404
67 404
67 404
64 405
64 405
64 405
65 405
65 405
65 405
66 405
66 405
66 405
67 405
67 405
67 405
63 406
63 406
63 406
64 406
64 406
64 406
65 406
65 406
65 406
66 406
66 406
66 406
67 406
67 406
67 406
63 407
63 407
63 407
64 407
64 407
64 407
65 407
65 407
65 407
66 407
66 407
66 407
67 407
67 407
67 407
63 408
63 408
63 408
64 408
64 408
64 408
65 408
65 408
65 408
66 408
66 408
66 408
63 409
63 409
63 409
64 409
64 409
64 409
65 409
65 409
65 409
66 409
66 409
66 409
63 410
63 410
63 410
64 410
64 410
64 410
65 410
65 410
65 410
66 410
66 410
66 410
63 411
63 411
63 411
64 411
64 411
64 411
65 411
65 411
65 411
66 411
66 411
66 411
63 412
63 412
63 412
64 412
64 412
64 412
65 412
65 412
65 412
66 412
66 412
66 412
62 413
62 413
62 413
63 413
63 413
63 413
64 413
64 413
64 413
65 413
65 413
65 413
62 414
62 414
62 414
63 414
63 414
63 414
64 414
64 414
64 414
65 414
65 414
65 414
61 415
61 415
61 415
62 415
62 415
62 415
63 415
63 415
63 415
64 415
64 415
64 415
61 416
61 416
61 416
62 416
62 416
62 416
63 416
63 416
63 416
64 416
64 416
64 416
61 417
61 417
61 417
62 417
62 417
62 417
63 417
63 417
63 417
64 417
64 417
64 417
61 418
61 418
61 418
62 418
62 418
62 418
63 418
63 418
63 418
64 418
64 418
64 418
65 418
65 418
65 418
61 419
61 419
61 419
62 419
62 419
62 419
63 419
63 419
63 419
64 419
64 419
64 419
65 419
65 419
65 419
60 420
60 420
60 420
61 420
61 420
61 420
62 420
62 420
62 420
63 420
63 420
63 420
64 420
64 420
64 420
60 421
60 421
60 421
61 421
61 421
61 421
62 421
62 421
62 421
63 421
63 421
63 421
60 422
60 422
60 422
61 422
61 422
61 422
62 422
62 422
62 422
63 422
63 422
63 422
60 423
60 423
60 423
61 423
61 423
61 423
62 423
62 423
62 423
63 423
63 423
63 423
